   87284.1050  0.0100 -5.2060 2    0.0015  3 -25501 123 1 2 1       0 1 1       
   87316.8980  0.0100 -4.2140 2    0.0015  5 -25501 123 1 2 2       0 1 1       
   87328.5850  0.0100 -4.5166 2    0.0000  3 -25501 123 1 2 1       0 1 0       
   87401.9890  0.0100 -4.5159 2    0.0015  3 -25501 123 1 1 1       0 1 1       
   87407.1650  0.0100 -4.9121 2    0.0015  1 -25501 123 1 1 0       0 1 1       
   87446.4700  0.0100 -5.2044 2    0.0000  3 -25501 123 1 1 1       0 1 0       
  174549.7576  0.0140 -5.9637 2    2.9169  5  25501 123 2 3 2       1 1 1       
  174634.8610  0.0160 -4.7066 2    2.9141  5 -25501 123 2 3 2       1 2 2       
  174663.1990  0.0120 -3.3956 2    2.9141  7 -25501 123 2 3 3       1 2 2       
  174667.6290  0.0140 -3.5742 2    2.9130  5 -25501 123 2 3 2       1 2 1       
  174721.7440  0.0140 -3.6445 2    2.9169  5 -25501 123 2 2 2       1 1 1       
  174728.0710  0.0120 -4.0185 2    2.9171  3 -25501 123 2 2 1       1 1 0       
  174733.2100  0.0140 -4.2243 2    2.9169  3 -25501 123 2 2 1       1 1 1       
  174806.8430  0.0140 -4.2820 2    2.9141  5 -25501 123 2 2 2       1 2 2       
  174818.3225  0.0145 -5.3191 2    2.9141  3  25501 123 2 2 1       1 2 2       
  174839.6354  0.0141 -5.0673 2    2.9130  5  25501 123 2 2 2       1 2 1       
  174851.1084  0.0139 -4.9127 2    2.9130  3  25501 123 2 2 1       1 2 1       
  261834.4691  0.0226 -5.9541 2    8.7450  7  25501 123 3 4 3       2 2 2       
  261978.1200  0.0202 -4.4629 2    8.7402  7  25501 123 3 4 3       2 3 3       
  262004.2600  0.0250 -2.9194 2    8.7402  9 -25501 123 3 4 4       2 3 3       
  262006.4820  0.0250 -3.0454 2    8.7393  7 -25501 123 3 4 3       2 3 2       
  262064.9860  0.0250 -3.0655 2    8.7450  7 -25501 123 3 3 3       2 2 2       
  262067.4690  0.0250 -3.2502 2    8.7454  5 -25501 123 3 3 2       2 2 1       
  262078.9347  0.0190 -4.1214 2    8.7450  5  25501 123 3 3 2       2 2 2       
  262208.6143  0.0195 -4.1568 2    8.7402  7  25501 123 3 3 3       2 3 3       
  262222.5856  0.0225 -5.5262 2    8.7402  5  25501 123 3 3 2       2 3 3       
  262236.9577  0.0232 -5.1488 2    8.7393  7  25501 123 3 3 3       2 3 2       
  262250.9290  0.0191 -4.5447 2    8.7393  5  25501 123 3 3 2       2 3 2       
  349108.4939  0.0332 -6.0309 2   17.4865  9  25501 123 4 5 4       3 3 3       
  349312.8323  0.0283 -4.3155 2   17.4797  9  25501 123 4 5 4       3 4 4       
  349337.7056  0.0218 -2.5878 2   17.4797 11  25501 123 4 5 5       3 4 4       
  349338.9882  0.0214 -2.6852 2   17.4788  9  25501 123 4 5 4       3 4 3       
  349399.2756  0.0214 -2.6936 2   17.4865  9  25501 123 4 4 4       3 3 3       
  349400.6712  0.0208 -2.8209 2   17.4870  7  25501 123 4 4 3       3 3 2       
  349414.6425  0.0270 -4.0536 2   17.4865  7  25501 123 4 4 3       3 3 3       
  349603.6139  0.0279 -4.0764 2   17.4797  9  25501 123 4 4 4       3 4 4       
  349618.9809  0.0326 -5.6777 2   17.4797  7  25501 123 4 4 3       3 4 4       
  349629.7699  0.0336 -5.2546 2   17.4788  9  25501 123 4 4 4       3 4 3       
  349645.1368  0.0272 -4.3583 2   17.4788  7  25501 123 4 4 3       3 4 3       
  436371.0376  0.0478 -6.1230 2   29.1412 11  25501 123 5 6 5       4 4 4       
  436636.9459  0.0382 -4.2191 2   29.1324 11  25501 123 5 6 5       4 5 5       
  436660.9794  0.0295 -2.3390 2   29.1324 13  25501 123 5 6 6       4 5 5       
  436661.8193  0.0292 -2.4184 2   29.1315 11  25501 123 5 6 5       4 5 4       
  436723.0160  0.0287 -2.4226 2   29.1412 11  25501 123 5 5 5       4 4 4       
  436723.9103  0.0285 -2.5206 2   29.1418  9  25501 123 5 5 4       4 4 3       
  436739.2772  0.0367 -4.0073 2   29.1412  9  25501 123 5 5 4       4 4 4       
  436988.9243  0.0405 -4.0230 2   29.1324 11  25501 123 5 5 5       4 5 5       
  437005.1855  0.0467 -5.8044 2   29.1324  9  25501 123 5 5 4       4 5 5       
  437013.7977  0.0473 -5.3597 2   29.1315 11  25501 123 5 5 5       4 5 4       
  437030.0589  0.0400 -4.2451 2   29.1315  9  25501 123 5 5 4       4 5 4       
  523620.1846  0.0683 -6.2180 2   43.7088 13  25501 123 6 7 6       5 5 5       
  523948.1295  0.0497 -4.1553 2   43.6978 13  25501 123 6 7 6       5 6 6       
  523971.5704  0.0390 -2.1452 2   43.6978 15  25501 123 6 7 7       5 6 6       
  523972.1630  0.0389 -2.2123 2   43.6970 13  25501 123 6 7 6       5 6 5       
  524033.9075  0.0378 -2.2147 2   43.7088 13  25501 123 6 6 6       5 5 5       
  524034.5305  0.0377 -2.2944 2   43.7093 11  25501 123 6 6 5       5 5 4       
  524050.7917  0.0479 -3.9778 2   43.7088 11  25501 123 6 6 5       5 5 5       
  524361.8525  0.0594 -3.9891 2   43.6978 13  25501 123 6 6 6       5 6 6       
  524378.7366  0.0664 -5.9183 2   43.6978 11  25501 123 6 6 5       5 6 6       
  524385.8859  0.0661 -5.4618 2   43.6970 13  25501 123 6 6 6       5 6 5       
  524402.7701  0.0590 -4.1725 2   43.6970 11  25501 123 6 6 5       5 6 5       
  610853.6632  0.0957 -6.3137 2   61.1886 15  25501 123 7 8 7       6 6 6       
  611243.9453  0.0617 -4.1148 2   61.1756 15  25501 123 7 8 7       6 7 7       
  611267.2010  0.0800 -1.9916 2   61.1756 17 -25501 123 7 8 8       6 7 7       
  611267.2010  0.0800 -2.0497 2   61.1748 15 -25501 123 7 8 7       6 7 6       
  611329.7080  0.0800 -2.0512 2   61.1886 15 -25501 123 7 7 7       6 6 6       
  611329.7080  0.0800 -2.1184 2   61.1892 13 -25501 123 7 7 6       6 6 5       
  611346.8528  0.0596 -3.9622 2   61.1886 13  25501 123 7 7 6       6 6 6       
  611719.7911  0.0856 -3.9707 2   61.1756 15  25501 123 7 7 7       6 7 7       
  611737.1348  0.0931 -6.0255 2   61.1756 13  25501 123 7 7 6       6 7 7       
  611743.2320  0.0918 -5.5617 2   61.1748 15  25501 123 7 7 7       6 7 6       
  611760.5757  0.0853 -4.1270 2   61.1748 13  25501 123 7 7 6       6 7 6       
  698069.0624  0.1304 -6.4100 2   81.5804 17  25501 123 8 9 8       7 7 7       
  698521.9081  0.0720 -4.0926 2   81.5653 17  25501 123 8 9 8       7 8 8       
  698544.7780  0.1500 -1.8692 2   81.5653 19 -25501 123 8 9 9       7 8 8       
  698544.7780  0.1500 -1.9204 2   81.5645 17 -25501 123 8 9 8       7 8 7       
  698607.4570  0.1000 -1.9214 2   81.5804 17 -25501 123 8 8 8       7 7 7       
  698607.4570  0.1000 -1.9796 2   81.5810 15 -25501 123 8 8 7       7 7 6       
  698625.0210  0.0699 -3.9588 2   81.5804 15  25501 123 8 8 7       7 7 7       
  699060.1692  0.1203 -3.9653 2   81.5653 17  25501 123 8 8 8       7 8 8       
  699077.8667  0.1279 -6.1296 2   81.5653 15  25501 123 8 8 7       7 8 8       
  699083.1693  0.1260 -5.6610 2   81.5645 17  25501 123 8 8 8       7 8 7       
  699100.8668  0.1201 -4.1016 2   81.5645 15  25501 123 8 8 7       7 8 7       
  785263.9064  0.1735 -6.5076 2  104.8834 19  25501 123 910 9       8 8 8       
  785779.5087  0.0792 -4.0854 2  104.8662 19  25501 123 910 9       8 9 9       
  785802.0900  0.1200 -1.7721 2  104.8662 21 -25501 123 91010       8 9 9       
  785802.0900  0.1200 -1.8179 2  104.8655 19 -25501 123 910 9       8 9 8       
  785864.9690  0.0800 -1.8186 2  104.8834 19 -25501 123 9 9 9       8 8 8       
  785864.9690  0.0800 -1.8699 2  104.8840 17 -25501 123 9 9 8       8 8 7       
  785882.8090  0.0778 -3.9663 2  104.8834 17  25501 123 9 9 8       8 8 8       
  786380.4326  0.1657 -3.9715 2  104.8662 19  25501 123 9 9 9       8 9 9       
  786398.4112  0.1730 -6.2327 2  104.8662 17  25501 123 9 9 8       8 9 9       
  786403.0914  0.1709 -5.7607 2  104.8655 19  25501 123 9 9 9       8 9 8       
  786421.0700  0.1656 -4.0923 2  104.8655 17  25501 123 9 9 8       8 9 8       
  872435.6856  0.2275 -6.6071 2  131.0971 21  25501 123101110       9 9 9       
  873014.2232  0.0863 -4.0912 2  131.0778 21  25501 123101110       91010       
  873036.3910  0.0800 -1.6964 2  131.0778 23 -25501 123101111       91010       
  873036.3910  0.0800 -1.7379 2  131.0770 21 -25501 123101110       910 9       
  873099.5370  0.1500 -1.7384 2  131.0971 21 -25501 123101010       9 9 9       
  873099.5370  0.1500 -1.7842 2  131.0977 19 -25501 1231010 9       9 9 8       
  873117.7050  0.0874 -3.9840 2  131.0971 19  25501 1231010 9       9 9 9       
  873678.0346  0.2262 -3.9881 2  131.0778 21  25501 123101010       91010       
  873696.2426  0.2329 -6.3363 2  131.0778 19  25501 1231010 9       91010       
  873700.4209  0.2313 -5.8618 2  131.0770 21  25501 123101010       910 9       
  873718.6289  0.2263 -4.0966 2  131.0770 19  25501 1231010 9       910 9       
  959581.8704  0.2984 -6.7091 2  160.2205 23  25501 123111211      101010       
  960223.5185  0.1094 -4.1086 2  160.1991 23  25501 123111211      101111       
  960245.7180  0.1200 -1.6392 2  160.1991 25 -25501 123111212      101111       
  960245.7180  0.1200 -1.6771 2  160.1984 23 -25501 123111211      101110       
  960308.8670  0.1200 -1.6775 2  160.2205 23 -25501 123111111      101010       
  960308.8670  0.1200 -1.7189 2  160.2211 21 -25501 123111110      1010 9       
  960327.1825  0.1153 -4.0110 2  160.2205 21  25501 123111110      101010       
  960950.4317  0.3096 -4.0144 2  160.1991 23  25501 123111111      101111       
  960968.8306  0.3151 -6.4416 2  160.1991 21  25501 123111110      101111       
  960972.5949  0.3147 -5.9651 2  160.1984 23  25501 123111111      101110       
  960990.9939  0.3097 -4.1129 2  160.1984 21  25501 123111110      101110       
 1046699.9178  0.3964 -6.8141 2  192.2530 25  25501 123121312      111111       
 1047404.8540  0.1756 -4.1364 2  192.2295 25  25501 123121312      111212       
 1047426.6728  0.1675 -1.5984 2  192.2295 27  25501 123121313      111212       
 1047426.8310  0.1672 -1.6332 2  192.2287 25  25501 123121312      111211       
 1047490.1443  0.1781 -1.6335 2  192.2530 25  25501 123121212      111111       
 1047490.3061  0.1779 -1.6714 2  192.2536 23  25501 123121211      111110       
 1047508.7050  0.1858 -4.0470 2  192.2530 23  25501 123121211      111111       
 1048195.0805  0.4273 -4.0497 2  192.2295 25  25501 123121212      111212       
 1048213.6412  0.4312 -6.5493 2  192.2295 23  25501 123121211      111212       
 1048217.0575  0.4326 -6.0713 2  192.2287 25  25501 123121212      111211       
 1048235.6182  0.4274 -4.1399 2  192.2287 23  25501 123121211      111211       
 1133787.2754  0.5370 -6.9225 2  227.1935 27  25501 123131413      121212       
 1134555.6831  0.3025 -4.1739 2  227.1679 27  25501 123131413      121313       
 1134577.3656  0.2999 -1.5723 2  227.1679 29  25501 123131414      121313       
 1134577.5019  0.2995 -1.6045 2  227.1671 27  25501 123131413      121312       
 1134641.0290  0.3131 -1.6048 2  227.1935 27  25501 123131313      121212       
 1134641.1681  0.3127 -1.6396 2  227.1941 25  25501 123131312      121211       
 1134659.7288  0.3159 -4.0914 2  227.1935 25  25501 123131312      121212       
 1135409.4367  0.5946 -4.0937 2  227.1679 27  25501 123131313      121313       
 1135428.1365  0.5967 -6.6600 2  227.1679 25  25501 123131312      121313       
 1135431.2555  0.6003 -6.1806 2  227.1671 27  25501 123131313      121312       
 1135449.9553  0.5947 -4.1768 2  227.1671 25  25501 123131312      121312       
 1220841.3830  0.7394 -7.0346 2  265.0410 29  25501 123141514      131313       
 1221673.4541  0.5036 -4.2206 2  265.0133 29  25501 123141514      131414       
 1221695.0176  0.5045 -1.5597 2  265.0133 31  25501 123141515      131414       
 1221695.1366  0.5040 -1.5897 2  265.0126 29  25501 123141514      131413       
 1221758.8826  0.5199 -1.5899 2  265.0410 29  25501 123141414      131313       
 1221759.0037  0.5195 -1.6221 2  265.0417 27  25501 123141413      131312       
 1221777.7036  0.5195 -4.1440 2  265.0410 27  25501 123141413      131313       
 1222590.9536  0.8298 -4.1459 2  265.0133 29  25501 123141414      131414       
 1222609.7747  0.8302 -6.7741 2  265.0133 27  25501 123141413      131414       
 1222612.6361  0.8360 -6.2936 2  265.0126 29  25501 123141414      131413       
 1222631.4571  0.8299 -4.2230 2  265.0126 27  25501 123141413      131413       
 1307859.6737  1.0260 -7.1507 2  305.7945 31  25501 123151615      141414       
 1308755.6097  0.7961 -4.2760 2  305.7646 31  25501 123151615      141515       
 1308777.0684  0.7993 -1.5596 2  305.7646 33  25501 123151616      141515       
 1308777.1732  0.7988 -1.5876 2  305.7639 31  25501 123151615      141514       
 1308841.1457  0.8170 -1.5878 2  305.7945 31  25501 123151515      141414       
 1308841.2524  0.8166 -1.6178 2  305.7952 29  25501 123151514      141413       
 1308860.0735  0.8143 -4.2045 2  305.7945 29  25501 123151514      141414       
 1309737.0817  1.1542 -4.2061 2  305.7646 31  25501 123151515      141515       
 1309756.0095  1.1529 -6.8921 2  305.7646 29  25501 123151514      141515       
 1309758.6453  1.1609 -6.4106 2  305.7639 31  25501 123151515      141514       
 1309777.5730  1.1543 -4.2779 2  305.7639 29  25501 123151514      141514       
 1395799.5877  1.2016 -4.3396 2  349.4207 33  25501 123161716      151616       
 1395820.9531  1.2066 -1.5711 2  349.4207 35  25501 123161717      151616       
 1395821.0464  1.2061 -1.5974 2  349.4200 33  25501 123161716      151615       
 1395885.2544  1.2267 -1.5976 2  349.4528 33  25501 123161616      151515       
 1395885.3492  1.2263 -1.6256 2  349.4534 31  25501 123161615      151514       
 1395904.2769  1.2223 -4.2726 2  349.4528 31  25501 123161615      151515       
 1396845.2677  1.5919 -4.2740 2  349.4207 33  25501 123161616      151616       
 1396864.2902  1.5890 -7.0141 2  349.4207 31  25501 123161615      151616       
 1396866.7264  1.5992 -6.5317 2  349.4200 33  25501 123161616      151615       
 1396885.7489  1.5920 -4.3413 2  349.4200 31  25501 123161615      151615       
 1482802.8206  1.7461 -4.4113 2  395.9803 35  25501 123171817      161717       
 1482824.1022  1.7525 -1.5935 2  395.9803 37  25501 123171818      161717       
 1482824.1860  1.7520 -1.6183 2  395.9796 35  25501 123171817      161716       
 1482888.6395  1.7752 -1.6185 2  396.0145 35  25501 123171717      161616       
 1482888.7245  1.7747 -1.6448 2  396.0151 33  25501 123171716      161615       
 1482907.7471  1.7693 -4.3483 2  396.0145 33  25501 123171716      161616       
 1483912.9541  2.1700 -4.3494 2  395.9803 35  25501 123171717      161717       
 1483934.3195  2.1779 -6.6573 2  395.9796 35  25501 123171717      161716       
 1483953.4271  2.1701 -4.4127 2  395.9796 33  25501 123171716      161716       
 1569762.7356  2.4595 -4.4907 2  445.4420 37  25501 123181918      171818       
 1569783.9415  2.4670 -1.6264 2  445.4420 39  25501 123181919      171818       
 1569784.0172  2.4665 -1.6499 2  445.4413 37  25501 123181918      171817       
 1569848.7272  2.4924 -1.6500 2  445.4783 37  25501 123181818      171717       
 1569848.8040  2.4919 -1.6748 2  445.4790 35  25501 123181817      171716       
 1569867.9116  2.4854 -4.4313 2  445.4783 35  25501 123181817      171717       
 1570937.5791  2.9191 -4.4322 2  445.4420 37  25501 123181818      171818       
 1570958.8607  2.9277 -6.7874 2  445.4413 37  25501 123181818      171817       
 1570978.0451  2.9192 -4.4919 2  445.4413 35  25501 123181817      171817       
 1656676.7542  3.3756 -4.5778 2  497.8044 39  25501 123192019      181919       
 1656697.8912  3.3842 -1.6692 2  497.8044 41  25501 123192020      181919       
 1656697.9601  3.3837 -1.6915 2  497.8037 39  25501 123192019      181918       
 1656762.9381  3.4124 -1.6916 2  497.8428 39  25501 123191919      181818       
 1656763.0079  3.4119 -1.7151 2  497.8435 37  25501 123191918      181817       
 1656782.1922  3.4044 -4.5215 2  497.8428 37  25501 123191918      181818       
 1657916.5756  3.8738 -4.5223 2  497.8044 39  25501 123191919      181919       
 1657937.7816  3.8830 -6.9223 2  497.8037 39  25501 123191919      181918       
 1657957.0357  3.8739 -4.5787 2  497.8037 37  25501 123191918      181918       
 1743542.2922  4.5327 -4.6722 2  553.0659 41  25501 123202120      192020       
 1743563.3661  4.5422 -1.7215 2  553.0659 43  25501 123202121      192020       
 1743563.4292  4.5417 -1.7427 2  553.0652 41  25501 123202120      192019       
 1743628.6870  4.5734 -1.7428 2  553.1065 41  25501 123202020      191919       
 1743628.7509  4.5729 -1.7651 2  553.1072 39  25501 123202019      191918       
 1743648.0051  4.5644 -4.6188 2  553.1065 39  25501 123202019      191919       
 1744847.3715  5.0725 -4.6194 2  553.0659 41  25501 123202020      192020       
 1744887.8265  5.0725 -4.6730 2  553.0652 39  25501 123202019      192019       
 1830356.7594  5.9733 -4.7739 2  611.2249 43  25501 123212221      202121       
 1830377.7752  5.9837 -1.7831 2  611.2249 45  25501 123212222      202121       
 1830377.8333  5.9832 -1.8033 2  611.2242 43  25501 123212221      202120       
 1830443.3832  6.0181 -1.8034 2  611.2677 43  25501 123212121      202020       
 1830443.4420  6.0175 -1.8246 2  611.2683 41  25501 123212120      202019       
 1830462.7600  6.0082 -4.7230 2  611.2677 41  25501 123212120      202020       
 1831727.3886  6.5579 -4.7236 2  611.2249 43  25501 123212121      202121       
 1831767.8393  6.5580 -4.7746 2  611.2242 41  25501 123212120      202120       
 1917117.5591  7.7447 -4.8827 2  672.2797 45  25501 123222322      212222       
 1917138.5212  7.7559 -1.8535 2  672.2797 47  25501 123222323      212222       
 1917138.5749  7.7554 -1.8729 2  672.2790 45  25501 123222322      212221       
 1917204.4295  7.7936 -1.8730 2  672.3247 45  25501 123222222      212121       
 1917204.4839  7.7930 -1.8932 2  672.3254 43  25501 123222221      212120       
 1917223.8606  7.7829 -4.8342 2  672.3247 43  25501 123222221      212121       
 1918554.0429  8.3776 -4.8346 2  672.2797 45  25501 123222222      212222       
 1918594.4898  8.3777 -4.8833 2  672.2790 43  25501 123222221      212221       
 2003822.0881  9.8989 -4.9985 2  736.2286 47  25501 123232423      222323       
 2003843.0002  9.9109 -1.9327 2  736.2286 49  25501 123232424      222323       
 2003843.0502  9.9104 -1.9511 2  736.2279 47  25501 123232423      222322       
 2003909.2222  9.9520 -1.9513 2  736.2758 47  25501 123232323      222222       
 2003909.2727  9.9515 -1.9706 2  736.2764 45  25501 123232322      222221       
 2003928.7038  9.9406 -4.9522 2  736.2758 45  25501 123232322      222222       
 2005324.7440 10.5838 -4.9525 2  736.2286 47  25501 123232323      222323       
 2005365.1876 10.5838 -4.9990 2  736.2279 45  25501 123232322      222322       
 2090467.7364 12.4932 -5.1213 2  803.0696 49  25501 123242524      232424       
 2090488.6018 12.5059 -2.0202 2  803.0696 51  25501 123242525      232424       
 2090488.6485 12.5054 -2.0379 2  803.0689 49  25501 123242524      232423       
 2090555.1509 12.5507 -2.0380 2  803.1190 49  25501 123242424      232323       
 2090555.1980 12.5501 -2.0565 2  803.1196 47  25501 123242423      232322       
 2090574.6796 12.5385 -5.0770 2  803.1190 47  25501 123242423      232323       
 2092036.8946 13.2338 -5.0772 2  803.0696 49  25501 123242424      232424       
 2092077.3354 13.2338 -5.1217 2  803.0689 47  25501 123242423      232423       
 2177051.8866 15.5899 -5.2510 2  872.8008 51  25501 123252625      242525       
 2177072.7084 15.6034 -2.1160 2  872.8008 53  25501 123252626      242525       
 2177072.7521 15.6029 -2.1330 2  872.8001 51  25501 123252625      242524       
 2177139.5979 15.6519 -2.1331 2  872.8524 51  25501 123252525      242424       
 2177139.6420 15.6514 -2.1509 2  872.8531 49  25501 123252524      242423       
 2177159.1707 15.6390 -5.2084 2  872.8524 49  25501 123252524      242424       
 2178687.8907 16.3902 -5.2086 2  872.8008 51  25501 123252525      242525       
 2178728.3289 16.3902 -5.2513 2  872.8001 49  25501 123252524      242524       
 2263571.9140 19.2572 -5.3874 2  945.4201 53  25501 123262726      252626       
 2263592.6947 19.2714 -2.2198 2  945.4201 55  25501 123262727      252626       
 2263592.7358 19.2709 -2.2362 2  945.4194 53  25501 123262726      252625       
 2263659.9382 19.3239 -2.2363 2  945.4740 53  25501 123262626      252525       
 2263659.9797 19.3233 -2.2533 2  945.4746 51  25501 123262625      252524       
 2263679.5524 19.3103 -5.3466 2  945.4740 51  25501 123262625      252525       
 2265275.1206 20.1213 -5.3467 2  945.4201 53  25501 123262626      252626       
 2265315.5565 20.1213 -5.3876 2  945.4194 51  25501 123262625      252625       
 2350025.1862 23.5689 -5.5305 2 1020.9254 55  25501 123272827      262727       
 2350045.9281 23.5837 -2.3315 2 1020.9254 57  25501 123272828      262727       
 2350045.9669 23.5832 -2.3473 2 1020.9247 55  25501 123272827      262726       
 2350113.5392 23.6403 -2.3474 2 1020.9815 55  25501 123272727      262626       
 2350113.5782 23.6398 -2.3638 2 1020.9822 53  25501 123272726      262625       
 2350133.1924 23.6260 -5.4912 2 1020.9815 53  25501 123272726      262626       
 2351795.9650 24.5009 -5.4913 2 1020.9254 55  25501 123272727      262727       
 2351836.3989 24.5009 -5.5307 2 1020.9247 53  25501 123272726      262726       
 2436409.0624 28.6047 -5.6803 2 1099.3145 57  25501 123282928      272828       
 2436429.7677 28.6202 -2.4510 2 1099.3145 59  25501 123282929      272828       
 2436429.8044 28.6197 -2.4662 2 1099.3138 57  25501 123282928      272827       
 2436497.7599 28.6810 -2.4663 2 1099.3729 57  25501 123282828      272727       
 2436497.7968 28.6805 -2.4821 2 1099.3735 55  25501 123282827      272726       
 2436517.4501 28.6660 -5.6425 2 1099.3729 55  25501 123282827      272727       
 2438247.7968 29.6090 -5.6425 2 1099.3145 57  25501 123282828      272828       
 2438288.2289 29.6090 -5.6804 2 1099.3138 55  25501 123282827      272827       
 2522720.8939 34.4506 -5.8367 2 1180.5851 59  25501 123293029      282929       
 2522741.5643 34.4668 -2.5781 2 1180.5851 61  25501 123293030      282929       
 2522741.5991 34.4663 -2.5928 2 1180.5844 59  25501 123293029      282928       
 2522809.9512 34.5320 -2.5929 2 1180.6457 59  25501 123292929      282828       
 2522809.9862 34.5315 -2.6082 2 1180.6464 57  25501 123292928      282827       
 2522829.6764 34.5164 -5.8002 2 1180.6457 57  25501 123292928      282828       
 2524627.9802 35.5318 -5.8002 2 1180.5851 59  25501 123292929      282929       
 2524668.4108 35.5318 -5.8368 2 1180.5844 57  25501 123292928      282928       
 2608958.0228 41.1992 -5.9997 2 1264.7347 61  25501 123303130      293030       
 2608978.6601 41.2161 -2.7127 2 1264.7347 63  25501 123303131      293030       
 2608978.6933 41.2155 -2.7269 2 1264.7340 61  25501 123303130      293029       
 2609047.4554 41.2859 -2.7270 2 1264.7976 61  25501 123303030      292929       
 2609047.4887 41.2853 -2.7418 2 1264.7982 59  25501 123303029      292928       
 2609067.2140 41.2696 -5.9645 2 1264.7976 59  25501 123303029      292929       
 2610933.8713 42.3619 -5.9644 2 1264.7347 61  25501 123303030      293030       
 2610974.3003 42.3619 -5.9997 2 1264.7340 59  25501 123303029      293029       
 2695117.7826 48.9497 -6.1691 2 1351.7608 63  25501 123313231      303131       
 2695138.3884 48.9672 -2.8547 2 1351.7608 65  25501 123313232      303131       
 2695138.4200 48.9666 -2.8685 2 1351.7601 63  25501 123313231      303130       
 2695207.6056 49.0417 -2.8686 2 1351.8260 63  25501 123313131      303030       
 2695207.6374 49.0411 -2.8829 2 1351.8267 61  25501 123313130      303029       
 2695227.3960 49.0247 -6.1351 2 1351.8260 61  25501 123313130      303030       
 2697162.8167 50.1987 -6.1350 2 1351.7608 63  25501 123313131      303131       
 2697203.2445 50.1987 -6.1691 2 1351.7601 61  25501 123313130      303130       
 2781197.4975 57.8081 -6.3451 2 1441.6610 65  25501 123323332      313232       
 2781218.0730 57.8262 -3.0040 2 1441.6610 67  25501 123323333      313232       
 2781218.1032 57.8256 -3.0174 2 1441.6603 65  25501 123323332      313231       
 2781287.7259 57.9055 -3.0175 2 1441.7285 65  25501 123323232      313131       
 2781287.7563 57.9050 -3.0313 2 1441.7292 63  25501 123323231      313130       
 2781307.5467 57.8880 -6.3122 2 1441.7285 63  25501 123323231      313131       
 2783312.1542 59.1483 -6.3120 2 1441.6610 65  25501 123323232      313232       
 2783352.5808 59.1483 -6.3450 2 1441.6603 63  25501 123323231      313231       
 2867215.0284 67.9064 -3.1606 2 1534.4324 69  25501 123333434      323333       
 2867215.0573 67.9058 -3.1736 2 1534.4317 67  25501 123333433      323332       
 2867285.1306 67.9908 -3.1737 2 1534.5023 67  25501 123333333      323232       
 2867285.1597 67.9902 -3.1871 2 1534.5029 65  25501 123333332      323231       
 2867304.9805 67.9726 -6.4956 2 1534.5023 65  25501 123333332      323232       
 2869379.2119 69.3243 -6.4954 2 1534.4324 67  25501 123333333      323333       
 2953126.5590 79.3284 -3.3243 2 1630.0724 71  25501 123343535      333434       
 2953126.5868 79.3279 -3.3369 2 1630.0717 69  25501 123343534      333433       
 2953197.1243 79.4180 -3.3370 2 1630.1446 69  25501 123343434      333333       
 2953197.1522 79.4174 -3.3500 2 1630.1453 67  25501 123343433      333332       
 3038949.9591 92.2205 -3.4951 2 1728.5781 73  25501 123353636      343535       
 3038949.9859 92.2200 -3.5073 2 1728.5774 71  25501 123353635      343534       
 3039021.0012 92.3154 -3.5075 2 1728.6527 71  25501 123353535      343434       
 3039021.0281 92.3149 -3.5201 2 1728.6533 69  25501 123353534      343433       
 3124682.5126106.7188 -3.6729 2 1829.9466 75  25501 123363737      353636       
 3124682.5384106.7182 -3.6848 2 1829.9459 73  25501 123363736      353635       
 3124754.0451106.8192 -3.6849 2 1830.0235 73  25501 123363636      353535       
 3124754.0710106.8186 -3.6972 2 1830.0241 71  25501 123363635      353534       
 3210321.4924122.9674 -3.8576 2 1934.1748 77  25501 123373838      363737       
 3210321.5173122.9669 -3.8692 2 1934.1741 75  25501 123373837      363736       
 3210393.5291123.0735 -3.8694 2 1934.2541 75  25501 123373737      363636       
 3210393.5541123.0729 -3.8813 2 1934.2547 73  25501 123373736      363635       
 3295864.1603141.1189 -4.0493 2 2041.2596 79  25501 123383939      373838       
 3295864.1844141.1183 -4.0605 2 2041.2589 77  25501 123383938      373837       
 3295936.7150141.2307 -4.0607 2 2041.3413 77  25501 123383838      373737       
 3295936.7391141.2301 -4.0723 2 2041.3419 75  25501 123383837      373736       
 3381307.7669161.3341 -4.2477 2 2151.1978 81  25501 123394040      383939       
 3381307.7902161.3335 -4.2587 2 2151.1971 79  25501 123394039      383938       
 3381380.8532161.4519 -4.2589 2 2151.2819 79  25501 123393939      383838       
 3381380.8766161.4513 -4.2702 2 2151.2825 77  25501 123393938      383837       
 3466649.5507183.7830 -4.4529 2 2263.9860 83  25501 123404141      394040       
 3466649.5733183.7824 -4.4637 2 2263.9854 81  25501 123404140      394039       
 3466723.1824183.9069 -4.4638 2 2264.0726 81  25501 123404040      393939       
 3466723.2051183.9063 -4.4748 2 2264.0733 79  25501 123404039      393938       
 3551886.7385208.6442 -4.6649 2 2379.6210 85  25501 123414242      404141       
 3551886.7604208.6437 -4.6754 2 2379.6203 83  25501 123414241      404140       
 3551960.9293208.7744 -4.6756 2 2379.7100 83  25501 123414141      404040       
 3551960.9513208.7738 -4.6863 2 2379.7107 81  25501 123414140      404039       
 3637016.5444236.1059 -4.8836 2 2498.0992 87  25501 123424343      414242       
 3637016.5657236.1053 -4.8938 2 2498.0985 85  25501 123424342      414241       
 3637091.3082236.2424 -4.8940 2 2498.1907 85  25501 123424242      414141       
 3637091.3296236.2419 -4.9044 2 2498.1914 83  25501 123424241      414140       
 3722036.1702266.3653 -5.1089 2 2619.4170 89  25501 123434444      424343       
 3722036.1909266.3648 -5.1188 2 2619.4163 87  25501 123434443      424342       
 3722111.5207266.5085 -5.1190 2 2619.5110 87  25501 123434343      424242       
 3722111.5415266.5079 -5.1292 2 2619.5117 85  25501 123434342      424241       
 3806942.8044299.6298 -5.3407 2 2743.5708 91  25501 123444545      434444       
 3806942.8246299.6292 -5.3505 2 2743.5701 89  25501 123444544      434443       
 3807018.7553299.7797 -5.3507 2 2743.6673 89  25501 123444444      434343       
 3807018.7756299.7791 -5.3607 2 2743.6680 87  25501 123444443      434342       
 3891733.6225336.1163 -5.5792 2 2870.5567 93  25501 123454646      444545       
 3891733.6422336.1158 -5.5887 2 2870.5561 91  25501 123454645      444544       
 3891810.1876336.2731 -5.5889 2 2870.6558 91  25501 123454545      444444       
 3891810.2074336.2725 -5.5987 2 2870.6564 89  25501 123454544      444443       
 3976405.7862376.0521 -5.8242 2 3000.3710 95  25501 123464747      454646       
 3976405.8055376.0516 -5.8335 2 3000.3703 93  25501 123464746      454645       
 3976482.9793376.2160 -5.8337 2 3000.4726 93  25501 123464646      454545       
 3976482.9986376.2154 -5.8433 2 3000.4732 91  25501 123464645      454544       
 4060956.4434419.6749 -6.0756 2 3133.0096 97  25501 123474848      464747       
 4060956.4622419.6743 -6.0848 2 3133.0089 95  25501 123474847      464746       
 4061034.2781419.8459 -6.0850 2 3133.1138 95  25501 123474747      464646       
 4061034.2970419.8453 -6.0943 2 3133.1144 93  25501 123474746      464645       
