  112101.6560  0.0500 -8.0612 2 2042.4216  2 -265041234 1 1 1 1     0 1 1 2     
  112128.9890  0.0500 -8.0690 2 2042.4222  4 -265041234 1 1 1 2     0 1 1 1     
  112148.5030  0.0500 -7.9593 2 2042.4216  4 -265041234 1 1 1 2     0 1 1 2     
  112442.8060  0.0500 -7.9569 2 2042.4222  4 -265041234 1 1 2 2     0 1 1 1     
  112445.0150  0.0500 -7.5311 2 2042.4216  6 -265041234 1 1 2 3     0 1 1 2     
  112453.8760  0.0500 -8.0586 2 2042.4222  2 -265041234 1 1 2 1     0 1 1 1     
  112462.2920  0.0500 -8.0664 2 2042.4216  4 -265041234 1 1 2 2     0 1 1 2     
  113123.3701  0.0058 -4.7118 2    0.0007  2  265041234 1 0 1 1     0 0 1 1     
  113144.1573  0.0057 -3.7989 2   -0.0000  2  265041234 1 0 1 1     0 0 1 2     
  113170.4915  0.0039 -3.8090 2    0.0007  4  265041234 1 0 1 2     0 0 1 1     
  113191.2787  0.0034 -3.6955 2   -0.0000  4  265041234 1 0 1 2     0 0 1 2     
  113488.1202  0.0033 -3.6932 2    0.0007  4  265041234 1 0 2 2     0 0 1 1     
  113490.9702  0.0024 -3.2691 2   -0.0000  6  265041234 1 0 2 3     0 0 1 2     
  113499.6443  0.0028 -3.7962 2    0.0007  2  265041234 1 0 2 1     0 0 1 1     
  113508.9074  0.0028 -3.8065 2   -0.0000  4  265041234 1 0 2 2     0 0 1 2     
  113520.4315  0.0044 -4.7090 2   -0.0000  2  265041234 1 0 2 1     0 0 1 2     
  224274.6210  0.0272 -7.7139 2 2046.1724  6  265041234 2 1 2 3     1 1 2 3     
  224544.1920  0.0500 -7.4672 2 2046.1625  4 -265041234 2 1 2 2     1 1 1 2     
  224571.1920  0.0500 -6.9431 2 2046.1625  6 -265041234 2 1 2 3     1 1 1 2     
  224575.6480  0.0500 -7.4695 2 2046.1609  2 -265041234 2 1 2 1     1 1 1 1     
  224591.0970  0.0500 -7.3739 2 2046.1609  4 -265041234 2 1 2 2     1 1 1 1     
  224783.6436  0.0115 -6.9371 2 2046.1729  6  265041234 2 1 3 3     1 1 2 2     
  224784.0969  0.0111 -6.7371 2 2046.1724  8  265041234 2 1 3 4     1 1 2 3     
  224785.3010  0.0500 -7.1625 2 2046.1733  4 -265041234 2 1 3 2     1 1 2 1     
  224796.3600  0.0500 -7.6593 2 2046.1729  4 -265041234 2 1 3 2     1 1 2 2     
  224800.8960  0.0500 -7.6613 2 2046.1724  6 -265041234 2 1 3 3     1 1 2 3     
  226287.4185  0.0069 -4.1214 2    3.7866  2  265041234 2 0 2 1     1 0 2 1     
  226298.9427  0.0068 -4.2189 2    3.7862  2  265041234 2 0 2 1     1 0 2 2     
  226303.0372  0.0064 -4.2131 2    3.7866  4  265041234 2 0 2 2     1 0 2 1     
  226314.5400  0.0500 -3.8373 2    3.7862  4 -265041234 2 0 2 2     1 0 2 2     
  226332.4986  0.0056 -4.1747 2    3.7857  4  265041234 2 0 2 2     1 0 2 3     
  226341.9298  0.0054 -4.1578 2    3.7862  6  265041234 2 0 2 3     1 0 2 2     
  226359.8710  0.0500 -3.4508 2    3.7857  6 -265041234 2 0 2 3     1 0 2 3     
  226616.5714  0.0053 -4.1042 2    3.7757  2  265041234 2 0 2 1     1 0 1 2     
  226632.1901  0.0035 -3.2044 2    3.7757  4  265041234 2 0 2 2     1 0 1 2     
  226659.5584  0.0026 -2.6815 2    3.7757  6  265041234 2 0 2 3     1 0 1 2     
  226663.6928  0.0025 -3.2072 2    3.7741  2  265041234 2 0 2 1     1 0 1 1     
  226679.3114  0.0031 -3.1122 2    3.7741  4  265041234 2 0 2 2     1 0 1 1     
  226874.1908  0.0023 -2.6749 2    3.7862  6  265041234 2 0 3 3     1 0 2 2     
  226874.7813  0.0030 -2.4751 2    3.7857  8  265041234 2 0 3 4     1 0 2 3     
  226875.8960  0.0020 -2.9004 2    3.7866  4  265041234 2 0 3 2     1 0 2 1     
  226887.4202  0.0029 -3.3979 2    3.7862  4  265041234 2 0 3 2     1 0 2 2     
  226892.1280  0.0027 -3.4004 2    3.7857  6  265041234 2 0 3 3     1 0 2 3     
  226905.3574  0.0044 -4.7824 2    3.7857  4  265041234 2 0 3 2     1 0 2 3     
  227191.8195  0.0049 -7.4959 2    3.7757  6  265041234 2 0 3 3     1 0 1 2     
  336875.4570  0.0500 -7.3237 2 2053.6534  6 -265041234 3 1 3 3     2 1 2 3     
  336886.7530  0.0500 -7.3247 2 2053.6525  4 -265041234 3 1 3 2     2 1 2 2     
  336898.4880  0.0500 -6.4053 2 2053.6534  8 -265041234 3 1 3 4     2 1 2 3     
  336902.4220  0.0500 -6.8310 2 2053.6519  4 -265041234 3 1 3 2     2 1 2 1     
  336902.4220  0.0500 -6.6059 2 2053.6525  6 -265041234 3 1 3 3     2 1 2 2     
  337112.3970  0.0500 -6.4114 2 2053.6709  8 -265041234 3 1 4 4     2 1 3 3     
  337112.3970  0.0500 -6.2777 2 2053.6703 10 -265041234 3 1 4 5     2 1 3 4     
  337113.1806  0.0149 -6.5505 2 2053.6713  6  265041234 3 1 4 3     2 1 3 2     
  339446.7770  0.0500 -3.6740 2   11.3544  4 -265041234 3 0 3 2     2 0 3 2     
  339459.9960  0.0070 -4.3924 2   11.3540  4  265041234 3 0 3 2     2 0 3 3     
  339462.6359  0.0067 -4.3831 2   11.3544  6  265041234 3 0 3 3     2 0 3 2     
  339475.9040  0.0500 -3.5257 2   11.3540  6 -265041234 3 0 3 3     2 0 3 3     
  339493.2119  0.0070 -4.3777 2   11.3534  6  265041234 3 0 3 3     2 0 3 4     
  339499.2884  0.0070 -4.3598 2   11.3540  8  265041234 3 0 3 4     2 0 3 3     
  339516.6351  0.0066 -3.3239 2   11.3534  8  265041234 3 0 3 4     2 0 3 4     
  339992.2571  0.0056 -4.4392 2   11.3362  4  265041234 3 0 3 2     2 0 2 3     
  340008.1263  0.0038 -3.0613 2   11.3362  6  265041234 3 0 3 3     2 0 2 3     
  340019.6255  0.0036 -3.0625 2   11.3353  4  265041234 3 0 3 2     2 0 2 2     
  340031.5494  0.0034 -2.1437 2   11.3362  8  265041234 3 0 3 4     2 0 2 3     
  340035.4080  0.0500 -2.5692 2   11.3348  4 -265041234 3 0 3 2     2 0 2 1     
  340035.4080  0.0500 -2.3442 2   11.3353  6 -265041234 3 0 3 3     2 0 2 2     
  340247.7700  0.0500 -2.1495 2   11.3540  8 -265041234 3 0 4 4     2 0 3 3     
  340247.7700  0.0500 -2.0159 2   11.3534 10 -265041234 3 0 4 5     2 0 3 4     
  340248.5440  0.0036 -2.2887 2   11.3544  6  265041234 3 0 4 3     2 0 3 2     
  340261.7734  0.0037 -3.2027 2   11.3540  6  265041234 3 0 4 3     2 0 3 3     
  340264.9490  0.0037 -3.2039 2   11.3534  8  265041234 3 0 4 4     2 0 3 4     
  340279.1201  0.0054 -4.8867 2   11.3534  6  265041234 3 0 4 3     2 0 3 4     
  449212.1222  0.0175 -6.0557 2 2064.8911 10  265041234 4 1 4 5     3 1 3 4     
  449213.7136  0.0174 -6.3285 2 2064.8898  6  265041234 4 1 4 3     3 1 3 2     
  449213.8232  0.0174 -6.1895 2 2064.8903  8  265041234 4 1 4 4     3 1 3 3     
  449426.3781  0.0195 -6.0613 2 2064.9158 10  265041234 4 1 5 5     3 1 4 4     
  449426.4890  0.0196 -5.9602 2 2064.9152 12  265041234 4 1 5 6     3 1 4 5     
  449426.9784  0.0193 -6.1643 2 2064.9162  8  265041234 4 1 5 4     3 1 4 3     
  452589.6926  0.0097 -3.4903 2   22.7039  6  265041234 4 0 4 3     3 0 4 3     
  452603.8637  0.0107 -4.5399 2   22.7034  6  265041234 4 0 4 3     3 0 4 4     
  452605.7033  0.0101 -4.5289 2   22.7039  8  265041234 4 0 4 4     3 0 4 3     
  452619.8744  0.0098 -3.3832 2   22.7034  8  265041234 4 0 4 4     3 0 4 4     
  452636.9657  0.0118 -4.5322 2   22.7028  8  265041234 4 0 4 4     3 0 4 5     
  452641.6089  0.0112 -4.5146 2   22.7034 10  265041234 4 0 4 5     3 0 4 4     
  452658.7002  0.0113 -3.2457 2   22.7028 10  265041234 4 0 4 5     3 0 4 5     
  453352.1776  0.0084 -4.6565 2   22.6784  6  265041234 4 0 4 3     3 0 3 4     
  453368.1883  0.0069 -2.9770 2   22.6784  8  265041234 4 0 4 4     3 0 3 4     
  453375.6007  0.0067 -2.9777 2   22.6777  6  265041234 4 0 4 3     3 0 3 3     
  453389.9228  0.0068 -1.7942 2   22.6784 10  265041234 4 0 4 5     3 0 3 4     
  453391.4699  0.0064 -2.0670 2   22.6771  6  265041234 4 0 4 3     3 0 3 2     
  453391.6114  0.0066 -1.9280 2   22.6777  8  265041234 4 0 4 4     3 0 3 3     
  453606.5379  0.0084 -1.7998 2   22.7034 10  265041234 4 0 5 5     3 0 4 4     
  453606.6814  0.0089 -1.6987 2   22.7028 12  265041234 4 0 5 6     3 0 4 5     
  453607.1348  0.0079 -1.9027 2   22.7039  8  265041234 4 0 5 4     3 0 4 3     
  453621.3059  0.0072 -3.0858 2   22.7034  8  265041234 4 0 5 4     3 0 4 4     
  453623.6292  0.0074 -3.0864 2   22.7028 10  265041234 4 0 5 5     3 0 4 5     
  453638.3972  0.0084 -4.9909 2   22.7028  8  265041234 4 0 5 4     3 0 4 5     
  561507.3214  0.0232 -5.8019 2 2079.8752 12  265041234 5 1 5 6     4 1 4 5     
  561508.1935  0.0231 -6.0059 2 2079.8739  8  265041234 5 1 5 4     4 1 4 3     
  561508.2648  0.0231 -5.9030 2 2079.8745 10  265041234 5 1 5 5     4 1 4 4     
  561721.8359  0.0257 -5.8064 2 2079.9070 12  265041234 5 1 6 6     4 1 5 5     
  561721.9079  0.0259 -5.7249 2 2079.9065 14  265041234 5 1 6 7     4 1 5 6     
  561722.2501  0.0255 -5.8887 2 2079.9075 10  265041234 5 1 6 5     4 1 5 4     
  565713.3069  0.0211 -3.3873 2   37.8346  8  265041234 5 0 5 4     4 0 5 4     
  565728.0749  0.0224 -4.6704 2   37.8341  8  265041234 5 0 5 4     4 0 5 5     
  565729.4094  0.0214 -4.6585 2   37.8346 10  265041234 5 0 5 5     4 0 5 4     
  565744.1774  0.0218 -3.3021 2   37.8341 10  265041234 5 0 5 5     4 0 5 5     
  565761.1252  0.0239 -4.6654 2   37.8335 10  265041234 5 0 5 5     4 0 5 6     
  565764.9754  0.0226 -4.6481 2   37.8341 12  265041234 5 0 5 6     4 0 5 5     
  565781.9232  0.0233 -3.1976 2   37.8335 12  265041234 5 0 5 6     4 0 5 6     
  566693.0039  0.0144 -4.8262 2   37.8019  8  265041234 5 0 5 4     4 0 4 5     
  566709.1064  0.0132 -2.9246 2   37.8019 10  265041234 5 0 5 5     4 0 4 5     
  566714.7384  0.0129 -2.9250 2   37.8012  8  265041234 5 0 5 4     4 0 4 4     
  566729.9044  0.0132 -1.5407 2   37.8019 12  265041234 5 0 5 6     4 0 4 5     
  566730.7492  0.0130 -1.7447 2   37.8006  8  265041234 5 0 5 4     4 0 4 3     
  566730.8409  0.0131 -1.6419 2   37.8012 10  265041234 5 0 5 5     4 0 4 4     
  566946.8006  0.0155 -1.5452 2   37.8341 12  265041234 5 0 6 6     4 0 5 5     
  566946.8933  0.0160 -1.4637 2   37.8335 14  265041234 5 0 6 7     4 0 5 6     
  566947.2123  0.0152 -1.6275 2   37.8346 10  265041234 5 0 6 5     4 0 5 4     
  566961.9803  0.0141 -3.0126 2   37.8341 10  265041234 5 0 6 5     4 0 5 5     
  566963.7484  0.0143 -3.0130 2   37.8335 12  265041234 5 0 6 6     4 0 5 6     
  566978.9281  0.0146 -5.0934 2   37.8335 10  265041234 5 0 6 5     4 0 5 6     
  673779.4421  0.0315 -5.6097 2 2098.6050 14  265041234 6 1 6 7     5 1 5 6     
  673779.9904  0.0314 -5.7735 2 2098.6038 10  265041234 6 1 6 5     5 1 5 4     
  673780.0410  0.0314 -5.6912 2 2098.6044 12  265041234 6 1 6 6     5 1 5 5     
  673994.1039  0.0345 -5.6132 2 2098.6440 14  265041234 6 1 7 7     5 1 6 6     
  673994.1549  0.0348 -5.5448 2 2098.6435 16  265041234 6 1 7 8     5 1 6 7     
  673994.4066  0.0343 -5.6820 2 2098.6445 12  265041234 6 1 7 6     5 1 6 5     
  678813.4705  0.0413 -3.3270 2   56.7459 10  265041234 6 0 6 5     5 0 6 5     
  678828.6502  0.0428 -4.7920 2   56.7454 10  265041234 6 0 6 5     5 0 6 6     
  678829.6377  0.0415 -4.7794 2   56.7459 12  265041234 6 0 6 6     5 0 6 5     
  678844.8174  0.0422 -3.2560 2   56.7454 12  265041234 6 0 6 6     5 0 6 6     
  678861.6725  0.0443 -4.7883 2   56.7448 12  265041234 6 0 6 6     5 0 6 7     
  678865.0209  0.0425 -4.7713 2   56.7454 14  265041234 6 0 6 7     5 0 6 6     
  678881.8760  0.0436 -3.1715 2   56.7448 14  265041234 6 0 6 7     5 0 6 7     
  680010.4754  0.0238 -4.9731 2   56.7060 10  265041234 6 0 6 5     5 0 5 6     
  680026.6426  0.0228 -2.8951 2   56.7060 12  265041234 6 0 6 6     5 0 5 6     
  680031.2734  0.0225 -2.8954 2   56.7053 10  265041234 6 0 6 5     5 0 5 5     
  680046.8461  0.0230 -1.3489 2   56.7060 14  265041234 6 0 6 7     5 0 5 6     
  680047.3759  0.0228 -1.5127 2   56.7047 10  265041234 6 0 6 5     5 0 5 4     
  680047.4407  0.0229 -1.4304 2   56.7053 12  265041234 6 0 6 6     5 0 5 5     
  680263.9017  0.0260 -1.3524 2   56.7454 14  265041234 6 0 7 7     5 0 6 6     
  680263.9671  0.0264 -1.2840 2   56.7448 16  265041234 6 0 7 8     5 0 6 7     
  680264.2025  0.0257 -1.4212 2   56.7459 12  265041234 6 0 7 6     5 0 6 5     
  680279.3822  0.0244 -2.9689 2   56.7454 12  265041234 6 0 7 6     5 0 6 6     
  680280.7568  0.0247 -2.9692 2   56.7448 14  265041234 6 0 7 7     5 0 6 7     
  680296.2373  0.0245 -5.1956 2   56.7448 12  265041234 6 0 7 6     5 0 6 7     
  786023.8593  0.0432 -5.4618 2 2121.0799 16  265041234 7 1 7 8     6 1 6 7     
  786024.2345  0.0431 -5.5990 2 2121.0787 12  265041234 7 1 7 6     6 1 6 5     
  786024.2727  0.0431 -5.5302 2 2121.0793 14  265041234 7 1 7 7     6 1 6 6     
  786238.6114  0.0470 -5.4647 2 2121.1261 16  265041234 7 1 8 8     6 1 7 7     
  786238.6498  0.0473 -5.4057 2 2121.1255 18  265041234 7 1 8 9     6 1 7 8     
  786238.8418  0.0468 -5.5238 2 2121.1266 14  265041234 7 1 8 7     6 1 7 6     
  791885.7566  0.0711 -3.2951 2   79.4371 12  265041234 7 0 7 6     6 0 7 6     
  791901.2370  0.0728 -4.9096 2   79.4366 12  265041234 7 0 7 6     6 0 7 7     
  791901.9724  0.0710 -4.8966 2   79.4371 14  265041234 7 0 7 7     6 0 7 6     
  791917.4528  0.0721 -3.2341 2   79.4366 14  265041234 7 0 7 7     6 0 7 7     
  791934.2426  0.0742 -4.9067 2   79.4360 14  265041234 7 0 7 7     6 0 7 8     
  791937.2459  0.0720 -4.8899 2   79.4366 16  265041234 7 0 7 8     6 0 7 7     
  791954.0356  0.0734 -3.1632 2   79.4360 16  265041234 7 0 7 8     6 0 7 8     
  793300.1178  0.0369 -5.1084 2   79.3899 12  265041234 7 0 7 6     6 0 6 7     
  793316.3337  0.0362 -2.8841 2   79.3899 14  265041234 7 0 7 7     6 0 6 7     
  793320.3213  0.0359 -2.8844 2   79.3892 12  265041234 7 0 7 6     6 0 6 6     
  793336.1267  0.0364 -1.2015 2   79.3899 16  265041234 7 0 7 8     6 0 6 7     
  793336.4886  0.0362 -1.3387 2   79.3887 12  265041234 7 0 7 6     6 0 6 5     
  793336.5371  0.0363 -1.2699 2   79.3892 14  265041234 7 0 7 7     6 0 6 6     
  793553.2797  0.0403 -1.2043 2   79.4366 16  265041234 7 0 8 8     6 0 7 7     
  793553.3287  0.0406 -1.1454 2   79.4360 18  265041234 7 0 8 9     6 0 7 8     
  793553.5087  0.0400 -1.2635 2   79.4371 14  265041234 7 0 8 7     6 0 7 6     
  793568.9892  0.0385 -2.9476 2   79.4366 14  265041234 7 0 8 7     6 0 7 7     
  793570.0695  0.0388 -2.9478 2   79.4360 16  265041234 7 0 8 8     6 0 7 8     
  793585.7789  0.0383 -5.2990 2   79.4360 14  265041234 7 0 8 7     6 0 7 8     
  898235.9560  0.0590 -5.3484 2 2147.2988 18  265041234 8 1 8 9     7 1 7 8     
  898236.2280  0.0589 -5.4665 2 2147.2977 14  265041234 8 1 8 7     7 1 7 6     
  898236.2581  0.0589 -5.4073 2 2147.2982 16  265041234 8 1 8 8     7 1 7 7     
  898450.7656  0.0638 -5.3507 2 2147.3522 18  265041234 8 1 9 9     7 1 8 8     
  898450.7958  0.0640 -5.2989 2 2147.3516 20  265041234 8 1 910     7 1 8 9     
  898450.9467  0.0636 -5.4026 2 2147.3527 16  265041234 8 1 9 8     7 1 8 7     
  904925.6443  0.1118 -3.2848 2  105.9072 14  265041234 8 0 8 7     7 0 8 7     
  904941.3537  0.1136 -5.0263 2  105.9066 14  265041234 8 0 8 7     7 0 8 8     
  904941.8982  0.1115 -5.0130 2  105.9072 16  265041234 8 0 8 8     7 0 8 7     
  904957.6076  0.1128 -3.2312 2  105.9066 16  265041234 8 0 8 8     7 0 8 8     
  904974.3484  0.1151 -5.0239 2  105.9061 16  265041234 8 0 8 8     7 0 8 9     
  904977.1007  0.1124 -5.0073 2  105.9066 18  265041234 8 0 8 9     7 0 8 8     
  904993.8415  0.1140 -3.1701 2  105.9061 18  265041234 8 0 8 9     7 0 8 9     
  906557.3876  0.0543 -5.2382 2  105.8527 14  265041234 8 0 8 7     7 0 7 8     
  906573.6415  0.0537 -2.8888 2  105.8527 16  265041234 8 0 8 8     7 0 7 8     
  906577.1806  0.0534 -2.8890 2  105.8521 14  265041234 8 0 8 7     7 0 7 7     
  906593.1345  0.0540 -1.0886 2  105.8527 18  265041234 8 0 8 9     7 0 7 8     
  906593.3964  0.0539 -1.2067 2  105.8515 14  265041234 8 0 8 7     7 0 7 6     
  906593.4345  0.0539 -1.1475 2  105.8521 16  265041234 8 0 8 8     7 0 7 7     
  906810.3497  0.0588 -1.0909 2  105.9066 18  265041234 8 0 9 9     7 0 8 8     
  906810.3881  0.0591 -1.0391 2  105.9061 20  265041234 8 0 910     7 0 8 9     
  906810.5297  0.0585 -1.1428 2  105.9072 16  265041234 8 0 9 8     7 0 8 7     
  906826.2391  0.0569 -2.9446 2  105.9066 16  265041234 8 0 9 8     7 0 8 8     
  906827.0905  0.0572 -2.9447 2  105.9061 18  265041234 8 0 9 9     7 0 8 9     
  906842.9799  0.0565 -5.4049 2  105.9061 16  265041234 8 0 9 8     7 0 8 9     
 1010411.1198  0.0795 -5.2630 2 2177.2608 20  265041234 9 1 910     8 1 8 9     
 1010411.3253  0.0794 -5.3667 2 2177.2596 16  265041234 9 1 9 8     8 1 8 7     
 1010411.3499  0.0795 -5.3148 2 2177.2601 18  265041234 9 1 9 9     8 1 8 8     
 1010625.9666  0.0853 -5.2649 2 2177.3212 20  265041234 9 11010     8 1 9 9     
 1010625.9913  0.0855 -5.2187 2 2177.3207 22  265041234 9 11011     8 1 910     
 1010626.1124  0.0851 -5.3112 2 2177.3218 18  265041234 9 110 9     8 1 9 8     
 1017928.5756  0.1649 -3.2921 2  136.1551 16  265041234 9 0 9 8     8 0 9 8     
 1017944.4649  0.1669 -5.1442 2  136.1546 16  265041234 9 0 9 8     8 0 9 9     
 1017944.8604  0.1644 -5.1307 2  136.1551 18  265041234 9 0 9 9     8 0 9 8     
 1017960.7498  0.1659 -3.2443 2  136.1546 18  265041234 9 0 9 9     8 0 9 9     
 1017977.4522  0.1684 -5.1421 2  136.1540 18  265041234 9 0 9 9     8 0 910     
 1017980.0143  0.1653 -5.1256 2  136.1546 20  265041234 9 0 910     8 0 9 9     
 1017996.7168  0.1671 -3.1906 2  136.1540 20  265041234 9 0 910     8 0 910     
 1019777.7140  0.0766 -5.3661 2  136.0934 16  265041234 9 0 9 8     8 0 8 9     
 1019793.9988  0.0762 -2.9075 2  136.0934 18  265041234 9 0 9 9     8 0 8 9     
 1019797.2070  0.0759 -2.9076 2  136.0928 16  265041234 9 0 9 8     8 0 8 8     
 1019813.2634  0.0766 -1.0038 2  136.0934 20  265041234 9 0 910     8 0 8 9     
 1019813.4610  0.0764 -1.1075 2  136.0922 16  265041234 9 0 9 8     8 0 8 7     
 1019813.4919  0.0765 -1.0556 2  136.0928 18  265041234 9 0 9 9     8 0 8 8     
 1020030.5190  0.0822 -1.0057 2  136.1546 20  265041234 9 01010     8 0 9 9     
 1020030.5500  0.0824 -0.9595 2  136.1540 22  265041234 9 01011     8 0 910     
 1020030.6638  0.0820 -1.0520 2  136.1551 18  265041234 9 010 9     8 0 9 8     
 1020046.5532  0.0803 -2.9571 2  136.1546 18  265041234 9 010 9     8 0 9 9     
 1020047.2214  0.0805 -2.9572 2  136.1540 20  265041234 9 01010     8 0 910     
 1020063.2557  0.0796 -5.5143 2  136.1540 18  265041234 9 010 9     8 0 910     
 1122544.7422  0.1058 -5.2013 2 2210.9645 22  26504123410 11011     9 1 910     
 1122544.9024  0.1057 -5.2938 2 2210.9633 18  26504123410 110 9     9 1 9 8     
 1122544.9231  0.1058 -5.2475 2 2210.9638 20  26504123410 11010     9 1 9 9     
 1122759.6128  0.1125 -5.2029 2 2211.0321 22  26504123410 11111     9 11010     
 1122759.6336  0.1127 -5.1612 2 2211.0316 24  26504123410 11112     9 11011     
 1122759.7326  0.1123 -5.2447 2 2211.0326 20  26504123410 11110     9 110 9     
 1130889.9765  0.2324 -3.3146 2  170.1797 18  26504123410 010 9     9 010 9     
 1130906.0108  0.2346 -5.2646 2  170.1791 18  26504123410 010 9     9 01010     
 1130906.2872  0.2317 -5.2509 2  170.1797 20  26504123410 01010     9 010 9     
 1130922.3214  0.2334 -3.2715 2  170.1791 20  26504123410 01010     9 01010     
 1130938.9928  0.2360 -5.2628 2  170.1786 20  26504123410 01010     9 01011     
 1130941.4064  0.2325 -5.2464 2  170.1791 22  26504123410 01011     9 01010     
 1130958.0778  0.2346 -3.2235 2  170.1786 22  26504123410 01011     9 01011     
 1132956.5154  0.1052 -5.4944 2  170.1107 18  26504123410 010 9     9 0 910     
 1132972.8260  0.1048 -2.9389 2  170.1107 20  26504123410 01010     9 0 910     
 1132975.7800  0.1046 -2.9390 2  170.1101 18  26504123410 010 9     9 0 9 9     
 1132991.9110  0.1052 -0.9428 2  170.1107 22  26504123410 01011     9 0 910     
 1132992.0648  0.1051 -1.0354 2  170.1096 18  26504123410 010 9     9 0 9 8     
 1132992.0906  0.1051 -0.9891 2  170.1101 20  26504123410 01010     9 0 9 9     
 1133209.1927  0.1116 -0.9445 2  170.1791 22  26504123410 01111     9 01010     
 1133209.2186  0.1118 -0.9027 2  170.1786 24  26504123410 01112     9 01011     
 1133209.3117  0.1114 -0.9863 2  170.1797 20  26504123410 01110     9 010 9     
 1133225.3459  0.1097 -2.9836 2  170.1791 20  26504123410 01110     9 01010     
 1133225.8640  0.1099 -2.9837 2  170.1786 22  26504123410 01111     9 01011     
 1133242.0173  0.1089 -5.6278 2  170.1786 20  26504123410 01110     9 01011     
 1234632.2185  0.1394 -5.1603 2 2248.4085 24  26504123411 11112    10 11011     
 1234632.3465  0.1393 -5.2439 2 2248.4074 20  26504123411 11110    10 110 9     
 1234632.3642  0.1394 -5.2021 2 2248.4079 22  26504123411 11111    10 11010     
 1234847.1036  0.1469 -5.1617 2 2248.4833 24  26504123411 11212    10 11111     
 1234847.1214  0.1471 -5.1237 2 2248.4828 26  26504123411 11213    10 11112     
 1234847.2036  0.1467 -5.1998 2 2248.4839 22  26504123411 11211    10 11110     
 1243805.2668  0.3165 -3.3506 2  207.9795 20  26504123411 01110    10 01110     
 1243821.4200  0.3188 -5.3885 2  207.9789 20  26504123411 01110    10 01111     
 1243821.5994  0.3155 -5.3746 2  207.9795 22  26504123411 01111    10 01110     
 1243837.7526  0.3175 -3.3113 2  207.9789 22  26504123411 01111    10 01111     
 1243854.3981  0.3203 -5.3869 2  207.9784 22  26504123411 01111    10 01112     
 1243856.6929  0.3164 -5.3706 2  207.9789 24  26504123411 01112    10 01111     
 1243873.3384  0.3187 -3.2680 2  207.9784 24  26504123411 01112    10 01112     
 1246089.2063  0.1418 -5.6248 2  207.9033 20  26504123411 01110    10 01011     
 1246105.5389  0.1416 -2.9820 2  207.9033 22  26504123411 01111    10 01011     
 1246108.2913  0.1413 -2.9821 2  207.9026 20  26504123411 01110    10 01010     
 1246124.4792  0.1419 -0.9026 2  207.9033 24  26504123411 01112    10 01011     
 1246124.6019  0.1418 -0.9861 2  207.9021 20  26504123411 01110    10 010 9     
 1246124.6238  0.1418 -0.9443 2  207.9026 22  26504123411 01111    10 01010     
 1246341.7769  0.1489 -0.9040 2  207.9789 24  26504123411 01212    10 01111     
 1246341.7990  0.1491 -0.8660 2  207.9784 26  26504123411 01213    10 01112     
 1246341.8763  0.1488 -0.9421 2  207.9795 22  26504123411 01211    10 01110     
 1246358.0295  0.1470 -3.0228 2  207.9789 22  26504123411 01211    10 01111     
 1246358.4224  0.1472 -3.0228 2  207.9784 24  26504123411 01212    10 01112     
 1246374.6750  0.1461 -5.7461 2  207.9784 22  26504123411 01211    10 01112     
 1346668.9480  0.1830 -5.1378 2 2289.5914 26  26504123412 11213    11 11112     
 1346669.0521  0.1829 -5.2139 2 2289.5903 22  26504123412 11211    11 11110     
 1346669.0677  0.1830 -5.1758 2 2289.5908 24  26504123412 11212    11 11111     
 1346883.8406  0.1910 -5.1390 2 2289.6734 26  26504123412 11313    11 11212     
 1346883.8562  0.1912 -5.1040 2 2289.6729 28  26504123412 11314    11 11213     
 1346883.9252  0.1909 -5.1740 2 2289.6739 24  26504123412 11312    11 11211     
 1356669.8639  0.4199 -3.3991 2  249.5530 22  26504123412 01211    11 01211     
 1356686.1165  0.4224 -5.5167 2  249.5524 22  26504123412 01211    11 01212     
 1356686.2156  0.4187 -5.5027 2  249.5530 24  26504123412 01212    11 01211     
 1356702.4681  0.4209 -3.3630 2  249.5524 24  26504123412 01212    11 01212     
 1356719.0915  0.4238 -5.5153 2  249.5519 24  26504123412 01212    11 01213     
 1356721.2897  0.4195 -5.4990 2  249.5524 26  26504123412 01213    11 01212     
 1356737.9131  0.4220 -3.3235 2  249.5519 26  26504123412 01213    11 01213     
 1359171.2005  0.1895 -5.7584 2  249.4695 22  26504123412 01211    11 01112     
 1359187.5522  0.1893 -3.0364 2  249.4695 24  26504123412 01212    11 01112     
 1359190.1408  0.1891 -3.0364 2  249.4689 22  26504123412 01211    11 01111     
 1359206.3737  0.1896 -0.8809 2  249.4695 26  26504123412 01213    11 01112     
 1359206.4734  0.1895 -0.9570 2  249.4683 22  26504123412 01211    11 01110     
 1359206.4925  0.1896 -0.9189 2  249.4689 24  26504123412 01212    11 01111     
 1359423.6802  0.1970 -0.8821 2  249.5524 26  26504123412 01313    11 01212     
 1359423.6994  0.1971 -0.8471 2  249.5519 28  26504123412 01314    11 01213     
 1359423.7642  0.1968 -0.9171 2  249.5530 24  26504123412 01312    11 01211     
 1359440.0168  0.1951 -3.0737 2  249.5524 24  26504123412 01312    11 01212     
 1359440.3036  0.1953 -3.0738 2  249.5519 26  26504123412 01313    11 01213     
 1359456.6402  0.1942 -5.8696 2  249.5519 24  26504123412 01312    11 01213     
 1458650.3340  0.2406 -5.1319 2 2334.5115 28  26504123413 11314    12 11213     
 1458650.4201  0.2405 -5.2019 2 2334.5103 24  26504123413 11312    12 11211     
 1458650.4339  0.2405 -5.1669 2 2334.5108 26  26504123413 11313    12 11212     
 1458865.2289  0.2488 -5.1330 2 2334.6006 28  26504123413 11414    12 11313     
 1458865.2428  0.2489 -5.1007 2 2334.6001 30  26504123413 11415    12 11314     
 1458865.3013  0.2487 -5.1654 2 2334.6011 26  26504123413 11413    12 11312     
 1469479.1865  0.5460 -3.4592 2  294.8984 24  26504123413 01312    12 01312     
 1469495.5230  0.5487 -5.6497 2  294.8979 24  26504123413 01312    12 01313     
 1469495.5550  0.5445 -5.6357 2  294.8984 26  26504123413 01313    12 01312     
 1469511.8916  0.5470 -3.4257 2  294.8979 26  26504123413 01313    12 01313     
 1469528.4958  0.5501 -5.6484 2  294.8973 26  26504123413 01313    12 01314     
 1469530.6139  0.5453 -5.6323 2  294.8979 28  26504123413 01314    12 01313     
 1469547.2181  0.5481 -3.3895 2  294.8973 28  26504123413 01314    12 01314     
 1472197.9136  0.2525 -5.8959 2  294.8078 24  26504123413 01312    12 01213     
 1472214.2821  0.2523 -3.1013 2  294.8078 26  26504123413 01313    12 01213     
 1472216.7351  0.2521 -3.1014 2  294.8071 24  26504123413 01312    12 01212     
 1472233.0045  0.2525 -0.8759 2  294.8078 28  26504123413 01314    12 01213     
 1472233.0868  0.2524 -0.9459 2  294.8066 24  26504123413 01312    12 01211     
 1472233.1036  0.2525 -0.9109 2  294.8071 26  26504123413 01313    12 01212     
 1472450.3143  0.2598 -0.8770 2  294.8979 28  26504123413 01414    12 01313     
 1472450.3312  0.2600 -0.8447 2  294.8973 30  26504123413 01415    12 01314     
 1472450.3862  0.2597 -0.9094 2  294.8984 26  26504123413 01413    12 01312     
 1472466.7227  0.2581 -3.1359 2  294.8979 26  26504123413 01413    12 01313     
 1472466.9185  0.2583 -3.1359 2  294.8973 28  26504123413 01414    12 01314     
 1472483.3270  0.2572 -5.9986 2  294.8973 26  26504123413 01413    12 01314     
 1570571.7845  0.3175 -5.1415 2 2383.1668 30  26504123414 11415    13 11314     
 1570571.8565  0.3175 -5.2062 2 2383.1657 26  26504123414 11413    13 11312     
 1570571.8690  0.3175 -5.1738 2 2383.1662 28  26504123414 11414    13 11313     
 1570786.6776  0.3255 -5.1425 2 2383.2631 30  26504123414 11515    13 11414     
 1570786.6901  0.3256 -5.1124 2 2383.2626 32  26504123414 11516    13 11415     
 1570786.7401  0.3254 -5.1726 2 2383.2636 28  26504123414 11514    13 11413     
 1582228.6552  0.6990 -3.5302 2  344.0141 26  26504123414 01413    13 01413     
 1582245.0388  0.6973 -5.7739 2  344.0141 28  26504123414 01414    13 01413     
 1582245.0637  0.7019 -5.7881 2  344.0136 26  26504123414 01413    13 01414     
 1582261.4472  0.7000 -3.4991 2  344.0136 28  26504123414 01414    13 01414     
 1582278.0346  0.7032 -5.7869 2  344.0130 28  26504123414 01414    13 01415     
 1582280.0857  0.6981 -5.7708 2  344.0136 30  26504123414 01415    13 01414     
 1582296.6730  0.7010 -3.4656 2  344.0130 30  26504123414 01415    13 01415     
 1585164.7640  0.3362 -6.0381 2  343.9162 26  26504123414 01413    13 01314     
 1585181.1476  0.3359 -3.1765 2  343.9162 28  26504123414 01414    13 01314     
 1585183.4864  0.3358 -3.1766 2  343.9155 26  26504123414 01413    13 01313     
 1585199.7861  0.3361 -0.8865 2  343.9162 30  26504123414 01415    13 01314     
 1585199.8549  0.3360 -0.9512 2  343.9150 26  26504123414 01413    13 01312     
 1585199.8700  0.3360 -0.9188 2  343.9155 28  26504123414 01414    13 01313     
 1585417.0948  0.3430 -0.8875 2  344.0136 30  26504123414 01515    13 01414     
 1585417.1099  0.3431 -0.8574 2  344.0130 32  26504123414 01516    13 01415     
 1585417.1569  0.3429 -0.9176 2  344.0141 28  26504123414 01514    13 01413     
 1585433.5654  0.3414 -3.2087 2  344.0136 28  26504123414 01514    13 01414     
 1585433.6822  0.3416 -3.2087 2  344.0130 30  26504123414 01515    13 01415     
 1682428.7123  0.4206 -5.1654 2 2435.5554 32  26504123415 11516    14 11415     
 1682428.7733  0.4205 -5.2256 2 2435.5543 28  26504123415 11514    14 11413     
 1682428.7846  0.4205 -5.1955 2 2435.5548 30  26504123415 11515    14 11414     
 1682643.6002  0.4278 -5.1663 2 2435.6589 32  26504123415 11616    14 11515     
 1682643.6115  0.4279 -5.1382 2 2435.6584 34  26504123415 11617    14 11516     
 1682643.6546  0.4278 -5.1945 2 2435.6594 30  26504123415 11615    14 11514     
 1694913.6944  0.8841 -3.6118 2  396.8979 28  26504123415 01514    14 01514     
 1694930.0916  0.8822 -5.9178 2  396.8979 30  26504123415 01515    14 01514     
 1694930.1649  0.8872 -5.9320 2  396.8974 28  26504123415 01514    14 01515     
 1694946.5621  0.8851 -3.5827 2  396.8974 30  26504123415 01515    14 01515     
 1694963.1344  0.8885 -5.9310 2  396.8968 30  26504123415 01515    14 01516     
 1694965.1288  0.8830 -5.9149 2  396.8974 32  26504123415 01516    14 01515     
 1694981.7010  0.8862 -3.5515 2  396.8968 32  26504123415 01516    14 01516     
 1698083.5713  0.4470 -3.2616 2  396.7927 30  26504123415 01515    14 01415     
 1698085.8125  0.4469 -3.2617 2  396.7921 28  26504123415 01514    14 01414     
 1698102.1379  0.4471 -0.9114 2  396.7927 32  26504123415 01516    14 01415     
 1698102.1961  0.4470 -0.9716 2  396.7916 28  26504123415 01514    14 01413     
 1698102.2097  0.4471 -0.9415 2  396.7921 30  26504123415 01515    14 01414     
 1698319.4421  0.4532 -0.9123 2  396.8974 32  26504123415 01616    14 01515     
 1698319.4557  0.4533 -0.8842 2  396.8968 34  26504123415 01617    14 01516     
 1698319.4962  0.4531 -0.9405 2  396.8979 30  26504123415 01615    14 01514     
 1698335.9667  0.4519 -3.2917 2  396.8974 30  26504123415 01615    14 01515     
 1698336.0143  0.4520 -3.2917 2  396.8968 32  26504123415 01616    14 01516     
 1794216.5355  0.5577 -5.2028 2 2491.6752 34  26504123416 11617    15 11516     
 1794216.5875  0.5578 -5.2591 2 2491.6741 30  26504123416 11615    15 11514     
 1794216.5980  0.5577 -5.2309 2 2491.6746 32  26504123416 11616    15 11515     
 1794431.4153  0.5640 -5.2036 2 2491.7859 34  26504123416 11717    15 11616     
 1794431.4258  0.5641 -5.1772 2 2491.7853 36  26504123416 11718    15 11617     
 1794431.4631  0.5639 -5.2300 2 2491.7864 32  26504123416 11716    15 11615     
 1807529.7325  1.1079 -3.7034 2  453.5478 30  26504123416 01615    15 01615     
 1807562.6668  1.1088 -3.6761 2  453.5472 32  26504123416 01616    15 01616     
 1807597.7300  1.1098 -3.6469 2  453.5467 34  26504123416 01617    15 01617     
 1810916.9801  0.5935 -3.3564 2  453.4353 32  26504123416 01616    15 01516     
 1810919.1371  0.5934 -3.3565 2  453.4347 30  26504123416 01615    15 01515     
 1810935.4847  0.5935 -0.9499 2  453.4353 34  26504123416 01617    15 01516     
 1810935.5343  0.5935 -1.0062 2  453.4342 30  26504123416 01615    15 01514     
 1810935.5468  0.5935 -0.9781 2  453.4347 32  26504123416 01616    15 01515     
 1811152.7813  0.5986 -0.9508 2  453.5472 34  26504123416 01717    15 01616     
 1811152.7938  0.5986 -0.9244 2  453.5467 36  26504123416 01718    15 01617     
 1811152.8288  0.5985 -0.9772 2  453.5478 32  26504123416 01716    15 01615     
 1811169.3399  0.5975 -3.3846 2  453.5467 34  26504123416 01717    15 01617     
 1811169.3534  0.5974 -3.3846 2  453.5472 32  26504123416 01716    15 01616     
 1905930.6777  0.7382 -5.2529 2 2551.5238 36  26504123417 11718    16 11617     
 1905930.7225  0.7382 -5.3058 2 2551.5227 32  26504123417 11716    16 11615     
 1905930.7322  0.7382 -5.2794 2 2551.5232 34  26504123417 11717    16 11616     
 1906145.5470  0.7431 -5.2537 2 2551.6417 36  26504123417 11818    16 11717     
 1906145.5567  0.7432 -5.2288 2 2551.6411 38  26504123417 11819    16 11718     
 1906145.5892  0.7431 -5.2787 2 2551.6422 34  26504123417 11817    16 11716     
 1920072.2031  1.3780 -3.8049 2  513.9613 32  26504123417 01716    16 01716     
 1920105.1963  1.3789 -3.7792 2  513.9608 34  26504123417 01717    16 01717     
 1920140.1930  1.3799 -3.7518 2  513.9602 36  26504123417 01718    16 01718     
 1923676.8062  0.7846 -3.4606 2  513.8416 34  26504123417 01717    16 01617     
 1923678.8897  0.7845 -3.4607 2  513.8410 32  26504123417 01716    16 01616     
 1923695.2568  0.7844 -1.0013 2  513.8416 36  26504123417 01718    16 01617     
 1923695.2993  0.7844 -1.0541 2  513.8405 32  26504123417 01716    16 01615     
 1923695.3108  0.7844 -1.0277 2  513.8410 34  26504123417 01717    16 01616     
 1923912.5432  0.7882 -1.0021 2  513.9608 36  26504123417 01818    16 01717     
 1923912.5547  0.7882 -0.9772 2  513.9602 38  26504123417 01819    16 01718     
 1923912.5851  0.7881 -1.0270 2  513.9613 34  26504123417 01817    16 01716     
 1923929.0893  0.7874 -3.4872 2  513.9602 36  26504123417 01818    16 01718     
 1923929.1572  0.7873 -3.4872 2  513.9608 34  26504123417 01817    16 01717     
 2017566.5687  0.9722 -5.3153 2 2615.0988 38  26504123418 11819    17 11718     
 2017566.6074  0.9723 -5.3651 2 2615.0977 34  26504123418 11817    17 11716     
 2017566.6164  0.9723 -5.3402 2 2615.0982 36  26504123418 11818    17 11717     
 2017781.4252  0.9756 -5.3161 2 2615.2238 38  26504123418 11919    17 11818     
 2017781.4343  0.9757 -5.2925 2 2615.2233 40  26504123418 11920    17 11819     
 2017781.4627  0.9756 -5.3396 2 2615.2244 36  26504123418 11918    17 11817     
 2032536.5450  1.7036 -3.9160 2  578.1361 34  26504123418 01817    17 01817     
 2032569.5908  1.7045 -3.8916 2  578.1356 36  26504123418 01818    17 01818     
 2032604.5285  1.7055 -3.8658 2  578.1350 38  26504123418 01819    17 01819     
 2036358.4871  1.0304 -3.5741 2  578.0092 36  26504123418 01818    17 01718     
 2036360.5059  1.0303 -3.5741 2  578.0086 34  26504123418 01817    17 01717     
 2036376.8902  1.0301 -1.0650 2  578.0092 38  26504123418 01819    17 01718     
 2036376.9270  1.0301 -1.1148 2  578.0080 34  26504123418 01817    17 01716     
 2036376.9377  1.0301 -1.0899 2  578.0086 36  26504123418 01818    17 01717     
 2036594.1643  1.0324 -1.0657 2  578.1356 38  26504123418 01919    17 01818     
 2036594.1750  1.0324 -1.0422 2  578.1350 40  26504123418 01920    17 01819     
 2036594.2015  1.0323 -1.0893 2  578.1361 36  26504123418 01918    17 01817     
 2036610.6989  1.0318 -3.5992 2  578.1350 38  26504123418 01919    17 01819     
 2036610.8156  1.0317 -3.5992 2  578.1356 36  26504123418 01918    17 01818     
 2129119.6442  1.2713 -5.3895 2 2682.3976 40  26504123419 11920    18 11819     
 2129119.6778  1.2713 -5.4366 2 2682.3965 36  26504123419 11918    18 11817     
 2129119.6864  1.2713 -5.4130 2 2682.3970 38  26504123419 11919    18 11818     
 2129334.4861  1.2730 -5.3902 2 2682.5298 40  26504123419 12020    18 11919     
 2129334.4946  1.2730 -5.3678 2 2682.5292 42  26504123419 12021    18 11920     
 2129334.5195  1.2730 -5.4125 2 2682.5303 38  26504123419 12019    18 11918     
 2144918.2031  2.0956 -4.0364 2  646.0696 36  26504123419 01918    18 01918     
 2144951.2961  2.0964 -4.0133 2  646.0691 38  26504123419 01919    18 01919     
 2144986.1813  2.0973 -3.9889 2  646.0685 40  26504123419 01920    18 01920     
 2148957.4665  1.3425 -3.6966 2  645.9354 38  26504123419 01919    18 01819     
 2148959.4279  1.3424 -3.6966 2  645.9348 36  26504123419 01918    18 01818     
 2148975.8277  1.3420 -1.1404 2  645.9354 40  26504123419 01920    18 01819     
 2148975.8597  1.3421 -1.1875 2  645.9343 36  26504123419 01918    18 01817     
 2148975.8696  1.3420 -1.1640 2  645.9348 38  26504123419 01919    18 01818     
 2149193.0875  1.3427 -1.1411 2  646.0691 40  26504123419 02020    18 01919     
 2149193.0974  1.3427 -1.1188 2  646.0685 42  26504123419 02021    18 01920     
 2149193.1207  1.3426 -1.1635 2  646.0696 38  26504123419 02019    18 01918     
 2149209.6114  1.3423 -3.7205 2  646.0685 40  26504123419 02020    18 01920     
 2149209.7719  1.3423 -3.7204 2  646.0691 38  26504123419 02019    18 01919     
 2240585.3470  1.6481 -5.4749 2 2753.4174 42  26504123420 12021    19 11920     
 2240585.3763  1.6481 -5.5196 2 2753.4163 38  26504123420 12019    19 11918     
 2240585.3844  1.6481 -5.4972 2 2753.4168 40  26504123420 12020    19 11919     
 2240800.1724  1.6480 -5.4756 2 2753.5567 42  26504123420 12121    19 12020     
 2240800.1805  1.6480 -5.4544 2 2753.5562 44  26504123420 12122    19 12021     
 2240800.2024  1.6480 -5.4968 2 2753.5573 40  26504123420 12120    19 12019     
 2257212.6288  2.5661 -4.1660 2  717.7590 38  26504123420 02019    19 02019     
 2257245.7643  2.5669 -4.1440 2  717.7584 40  26504123420 02020    19 02020     
 2257280.6024  2.5678 -4.1209 2  717.7579 42  26504123420 02021    19 02021     
 2261469.1945  1.7336 -3.8281 2  717.6175 40  26504123420 02020    19 01920     
 2261471.1046  1.7335 -3.8282 2  717.6169 38  26504123420 02019    19 01919     
 2261487.5185  1.7330 -1.2273 2  717.6175 42  26504123420 02021    19 01920     
 2261487.5464  1.7331 -1.2719 2  717.6164 38  26504123420 02019    19 01918     
 2261487.5557  1.7330 -1.2496 2  717.6169 40  26504123420 02020    19 01919     
 2261704.7621  1.7319 -1.2280 2  717.7584 42  26504123420 02121    19 02020     
 2261704.7714  1.7319 -1.2067 2  717.7579 44  26504123420 02122    19 02021     
 2261704.7918  1.7319 -1.2492 2  717.7590 40  26504123420 02120    19 02019     
 2261721.2760  1.7317 -3.8508 2  717.7579 42  26504123420 02121    19 02021     
 2261721.4763  1.7317 -3.8508 2  717.7584 40  26504123420 02120    19 02020     
 2351959.1267  2.1167 -5.5713 2 2828.1553 44  26504123421 12122    20 12021     
 2351959.1524  2.1167 -5.6138 2 2828.1541 40  26504123421 12120    20 12019     
 2351959.1601  2.1167 -5.5925 2 2828.1547 42  26504123421 12121    20 12020     
 2352173.9340  2.1148 -5.5720 2 2828.3018 44  26504123421 12222    20 12121     
 2352173.9417  2.1148 -5.5517 2 2828.3012 46  26504123421 12223    20 12122     
 2352173.9610  2.1148 -5.5922 2 2828.3023 42  26504123421 12221    20 12120     
 2369415.2803  3.1292 -4.3046 2  793.2013 40  26504123421 02120    20 02120     
 2369448.4544  3.1299 -4.2837 2  793.2008 42  26504123421 02121    20 02121     
 2369483.2499  3.1307 -4.2617 2  793.2002 44  26504123421 02122    20 02122     
 2373889.1281  2.2178 -3.9685 2  793.0526 42  26504123421 02121    20 02021     
 2373890.9922  2.2178 -3.9685 2  793.0520 40  26504123421 02120    20 02020     
 2373907.4190  2.2172 -1.3251 2  793.0526 44  26504123421 02122    20 02021     
 2373907.4433  2.2172 -1.3676 2  793.0515 40  26504123421 02120    20 02019     
 2373907.4522  2.2172 -1.3464 2  793.0520 42  26504123421 02121    20 02020     
 2374124.6446  2.2143 -1.3258 2  793.2008 44  26504123421 02222    20 02121     
 2374124.6535  2.2143 -1.3056 2  793.2002 46  26504123421 02223    20 02122     
 2374124.6714  2.2143 -1.3461 2  793.2013 42  26504123421 02221    20 02120     
 2374141.1492  2.2143 -3.9901 2  793.2002 44  26504123421 02222    20 02122     
 2374141.3855  2.2143 -3.9901 2  793.2008 42  26504123421 02221    20 02121     
 2463451.2355  2.6888 -5.6597 2 2906.7613 48  26504123422 12324    21 12223     
 2481521.6230  3.8004 -4.4522 2  872.3936 42  26504123422 02221    21 02221     
 2481554.8324  3.8011 -4.4322 2  872.3930 44  26504123422 02222    21 02222     
 2481589.5893  3.8019 -4.4112 2  872.3925 46  26504123422 02223    21 02223     
 2486212.7316  2.8109 -4.1176 2  872.2377 44  26504123422 02222    21 02122     
 2486214.5541  2.8109 -4.1176 2  872.2371 42  26504123422 02221    21 02121     
 2486230.9928  2.8101 -1.4338 2  872.2377 46  26504123422 02223    21 02122     
 2486231.0141  2.8102 -1.4743 2  872.2365 42  26504123422 02221    21 02120     
 2486231.0225  2.8102 -1.4540 2  872.2371 44  26504123422 02222    21 02121     
 2486448.1989  2.8054 -1.4344 2  872.3930 46  26504123422 02323    21 02222     
 2486448.2074  2.8054 -1.4151 2  872.3925 48  26504123422 02324    21 02223     
 2486448.2231  2.8054 -1.4538 2  872.3936 44  26504123422 02322    21 02221     
 2486464.6946  2.8056 -4.1383 2  872.3925 46  26504123422 02323    21 02223     
 2486464.9640  2.8056 -4.1383 2  872.3930 44  26504123422 02322    21 02222     
 2593527.1303  4.5970 -4.6085 2  955.3326 44  26504123423 02322    22 02322     
 2593560.3718  4.5977 -4.5894 2  955.3320 46  26504123423 02323    22 02323     
 2593595.0935  4.5984 -4.5693 2  955.3315 48  26504123423 02324    22 02324     
 2598435.4772  3.5300 -4.2753 2  955.1694 46  26504123423 02323    22 02223     
 2598437.2619  3.5300 -4.2754 2  955.1688 44  26504123423 02322    22 02222     
 2598453.7116  3.5291 -1.5528 2  955.1694 48  26504123423 02324    22 02223     
 2598453.7303  3.5292 -1.5915 2  955.1683 44  26504123423 02322    22 02221     
 2598453.7384  3.5292 -1.5722 2  955.1688 46  26504123423 02323    22 02222     
 2598670.8968  3.5225 -1.5535 2  955.3320 48  26504123423 02424    22 02323     
 2598670.9048  3.5224 -1.5350 2  955.3315 50  26504123423 02425    22 02324     
 2598670.9186  3.5225 -1.5720 2  955.3326 46  26504123423 02423    22 02322     
 2598687.3840  3.5228 -4.2952 2  955.3315 48  26504123423 02424    22 02324     
 2598687.6837  3.5228 -4.2951 2  955.3320 46  26504123423 02423    22 02323     
 2705427.2832  5.5380 -4.7736 2 1042.0149 46  26504123424 02423    23 02423     
 2705460.5543  5.5387 -4.7552 2 1042.0144 48  26504123424 02424    23 02424     
 2705495.2439  5.5394 -4.7360 2 1042.0138 50  26504123424 02425    23 02425     
 2710552.8449  4.3939 -4.4417 2 1041.8445 48  26504123424 02424    23 02324     
 2710554.5952  4.3940 -4.4417 2 1041.8439 46  26504123424 02423    23 02323     
 2710571.0552  4.3929 -1.6821 2 1041.8445 50  26504123424 02425    23 02324     
 2710571.0716  4.3930 -1.7192 2 1041.8433 46  26504123424 02423    23 02322     
 2710571.0793  4.3930 -1.7007 2 1041.8439 48  26504123424 02424    23 02323     
 2710788.2179  4.3843 -1.6828 2 1042.0144 50  26504123424 02525    23 02424     
 2710788.2256  4.3843 -1.6650 2 1042.0138 52  26504123424 02526    23 02425     
 2710788.2378  4.3843 -1.7005 2 1042.0149 48  26504123424 02524    23 02423     
 2710804.6971  4.3848 -4.4607 2 1042.0138 50  26504123424 02525    23 02425     
 2710805.0247  4.3848 -4.4607 2 1042.0144 48  26504123424 02524    23 02424     
 2817217.5717  6.6444 -4.9472 2 1132.4371 48  26504123425 02524    24 02524     
 2817250.8701  6.6450 -4.9296 2 1132.4365 50  26504123425 02525    24 02525     
 2817285.5301  6.6456 -4.9112 2 1132.4360 52  26504123425 02526    24 02526     
 2822560.3233  5.4233 -4.6165 2 1132.2594 50  26504123425 02525    24 02425     
 2822562.0421  5.4233 -4.6166 2 1132.2588 48  26504123425 02524    24 02424     
 2822578.5118  5.4222 -1.8215 2 1132.2594 52  26504123425 02526    24 02425     
 2822578.5263  5.4223 -1.8570 2 1132.2583 48  26504123425 02524    24 02423     
 2822578.5337  5.4222 -1.8392 2 1132.2588 50  26504123425 02525    24 02424     
 2822795.6508  5.4115 -1.8221 2 1132.4365 52  26504123425 02626    24 02525     
 2822795.6582  5.4115 -1.8050 2 1132.4360 54  26504123425 02627    24 02526     
 2822795.6688  5.4115 -1.8392 2 1132.4371 50  26504123425 02625    24 02524     
 2822812.1223  5.4121 -4.6348 2 1132.4360 52  26504123425 02626    24 02526     
 2822812.4756  5.4122 -4.6348 2 1132.4365 50  26504123425 02625    24 02525     
 2928893.4943  7.9386 -5.1294 2 1226.5954 50  26504123426 02625    25 02625     
 2928926.8178  7.9392 -5.1125 2 1226.5949 52  26504123426 02626    25 02626     
 2928961.4506  7.9398 -5.0948 2 1226.5943 54  26504123426 02627    25 02627     
 2934453.4100  6.6404 -4.7998 2 1226.4105 52  26504123426 02626    25 02526     
 2934455.0999  6.6404 -4.7999 2 1226.4099 50  26504123426 02625    25 02525     
 2934471.5787  6.6392 -1.9707 2 1226.4105 54  26504123426 02627    25 02526     
 2934471.5914  6.6393 -2.0048 2 1226.4093 50  26504123426 02625    25 02524     
 2934471.5985  6.6393 -1.9877 2 1226.4099 52  26504123426 02626    25 02525     
 2934688.6925  6.6265 -1.9713 2 1226.5949 54  26504123426 02727    25 02626     
 2934688.6997  6.6264 -1.9549 2 1226.5943 56  26504123426 02728    25 02627     
 2934688.7090  6.6265 -1.9877 2 1226.5954 52  26504123426 02726    25 02625     
 2934705.1566  6.6272 -4.8175 2 1226.5943 54  26504123426 02727    25 02627     
 2934705.5338  6.6273 -4.8174 2 1226.5949 52  26504123426 02726    25 02626     
 3040450.5589  9.4454 -5.3201 2 1324.4861 52  26504123427 02726    26 02726     
 3040483.9058  9.4459 -5.3038 2 1324.4855 54  26504123427 02727    26 02727     
 3040518.5134  9.4465 -5.2867 2 1324.4850 56  26504123427 02728    26 02728     
 3046227.6118  8.0696 -4.9915 2 1324.2939 54  26504123427 02727    26 02627     
 3046229.2749  8.0697 -4.9915 2 1324.2933 52  26504123427 02726    26 02626     
 3046245.7625  8.0684 -2.1295 2 1324.2939 56  26504123427 02728    26 02627     
 3046245.7736  8.0684 -2.1623 2 1324.2928 52  26504123427 02726    26 02625     
 3046245.7805  8.0684 -2.1459 2 1324.2933 54  26504123427 02727    26 02626     
 3046462.8498  8.0534 -2.1301 2 1324.4855 56  26504123427 02828    26 02727     
 3046462.8568  8.0534 -2.1143 2 1324.4850 58  26504123427 02829    26 02728     
 3046462.8649  8.0535 -2.1460 2 1324.4861 54  26504123427 02827    26 02726     
 3046479.3068  8.0543 -5.0085 2 1324.4850 56  26504123427 02828    26 02728     
 3046479.7061  8.0544 -5.0085 2 1324.4855 54  26504123427 02827    26 02727     
 3157878.4450  9.7371 -5.1915 2 1425.9058 56  26504123428 02828    27 02728     
 3157880.0834  9.7372 -5.1916 2 1425.9052 54  26504123428 02827    27 02727     
 3157896.5792  9.7358 -2.2979 2 1425.9058 58  26504123428 02829    27 02728     
 3157896.5889  9.7359 -2.3295 2 1425.9046 54  26504123428 02827    27 02726     
 3157896.5956  9.7359 -2.3137 2 1425.9052 56  26504123428 02828    27 02727     
 3158113.6389  9.7187 -2.2985 2 1426.1046 58  26504123428 02929    27 02828     
 3158113.6456  9.7187 -2.2833 2 1426.1040 60  26504123428 02930    27 02829     
 3158113.6526  9.7187 -2.3138 2 1426.1052 56  26504123428 02928    27 02827     
 3158130.0889  9.7197 -5.2080 2 1426.1040 58  26504123428 02929    27 02829     
 3158130.5089  9.7197 -5.2079 2 1426.1046 56  26504123428 02928    27 02828     
 3269401.4360 11.6713 -5.3999 2 1531.2419 58  26504123429 02929    28 02829     
 3269403.0514 11.6714 -5.3999 2 1531.2412 56  26504123429 02928    28 02828     
 3269419.5552 11.6699 -2.4757 2 1531.2419 60  26504123429 02930    28 02829     
 3269419.5637 11.6700 -2.5062 2 1531.2407 56  26504123429 02928    28 02827     
 3269419.5702 11.6699 -2.4910 2 1531.2412 58  26504123429 02929    28 02828     
 3269636.5860 11.6505 -2.4763 2 1531.4479 60  26504123429 03030    28 02929     
 3269636.5925 11.6505 -2.4616 2 1531.4474 62  26504123429 03031    28 02930     
 3269636.5985 11.6505 -2.4911 2 1531.4485 58  26504123429 03029    28 02928     
 3269653.0293 11.6516 -5.4157 2 1531.4474 60  26504123429 03030    28 02930     
 3269653.4686 11.6516 -5.4157 2 1531.4479 58  26504123429 03029    28 02929     
 3380810.2270 13.9010 -2.6628 2 1640.2979 62  26504123430 03031    29 02930     
 3380810.2344 13.9011 -2.6923 2 1640.2968 58  26504123430 03029    29 02928     
 3380810.2407 13.9010 -2.6775 2 1640.2973 60  26504123430 03030    29 02929     
 3381027.2277 13.8793 -2.6634 2 1640.5113 62  26504123430 03131    29 03030     
 3381027.2340 13.8792 -2.6491 2 1640.5107 64  26504123430 03132    29 03031     
 3381027.2392 13.8793 -2.6777 2 1640.5118 60  26504123430 03130    29 03029     
 3492064.1422 16.4617 -2.8590 2 1753.0696 64  26504123431 03132    30 03031     
 3492064.1486 16.4618 -2.8875 2 1753.0685 60  26504123431 03130    30 03029     
 3492064.1547 16.4617 -2.8733 2 1753.0690 62  26504123431 03131    30 03030     
 3492281.1115 16.4376 -2.8596 2 1753.2902 64  26504123431 03232    30 03131     
 3492281.1177 16.4376 -2.8458 2 1753.2896 66  26504123431 03233    30 03132     
 3492281.1221 16.4376 -2.8734 2 1753.2908 62  26504123431 03231    30 03130     
 3603176.8592 19.3869 -3.0643 2 1869.5524 66  26504123432 03233    31 03132     
 3603176.8646 19.3870 -3.0919 2 1869.5512 62  26504123432 03231    31 03130     
 3603176.8707 19.3870 -3.0781 2 1869.5518 64  26504123432 03232    31 03131     
 3603393.7960 19.3604 -3.0650 2 1869.7801 66  26504123432 03333    31 03232     
 3603393.8020 19.3603 -3.0516 2 1869.7796 68  26504123432 03334    31 03233     
 3603393.8057 19.3604 -3.0783 2 1869.7807 64  26504123432 03332    31 03231     
 3714143.9481 22.7139 -3.2786 2 1989.7414 68  26504123433 03334    32 03233     
 3714143.9528 22.7140 -3.3054 2 1989.7402 64  26504123433 03332    32 03231     
 3714143.9587 22.7140 -3.2920 2 1989.7408 66  26504123433 03333    32 03232     
 3714360.8512 22.6849 -3.2793 2 1989.9764 68  26504123433 03434    32 03333     
 3714360.8571 22.6848 -3.2663 2 1989.9759 70  26504123433 03435    32 03334     
 3714360.8601 22.6849 -3.2922 2 1989.9770 66  26504123433 03433    32 03332     
 3824960.9910 26.4824 -3.5018 2 2113.6319 70  26504123434 03435    33 03334     
 3824960.9949 26.4825 -3.5278 2 2113.6308 66  26504123434 03433    33 03332     
 3824961.0007 26.4824 -3.5148 2 2113.6313 68  26504123434 03434    33 03333     
 3825177.8592 26.4507 -3.5024 2 2113.8742 70  26504123434 03535    33 03434     
 3825177.8650 26.4507 -3.4898 2 2113.8736 72  26504123434 03536    33 03435     
 3825177.8674 26.4508 -3.5150 2 2113.8747 68  26504123434 03534    33 03433     
 3935623.5820 30.7344 -3.7338 2 2241.2189 72  26504123435 03536    34 03435     
 3935623.5853 30.7345 -3.7590 2 2241.2177 68  26504123435 03534    34 03433     
 3935623.5909 30.7344 -3.7464 2 2241.2183 70  26504123435 03535    34 03434     
 3935840.4143 30.7001 -3.7344 2 2241.4684 72  26504123435 03636    34 03535     
 3935840.4200 30.7001 -3.7222 2 2241.4678 74  26504123435 03637    34 03536     
 3935840.4218 30.7002 -3.7467 2 2241.4689 70  26504123435 03635    34 03534     
 4046127.3281 35.5148 -3.9745 2 2372.4971 74  26504123436 03637    35 03536     
 4046127.3307 35.5149 -3.9990 2 2372.4960 70  26504123436 03635    35 03534     
 4046127.3363 35.5148 -3.9868 2 2372.4965 72  26504123436 03636    35 03535     
 4046344.1233 35.4778 -3.9752 2 2372.7539 74  26504123436 03737    35 03636     
 4046344.1289 35.4777 -3.9633 2 2372.7533 76  26504123436 03738    35 03637     
 4046344.1302 35.4778 -3.9871 2 2372.7544 72  26504123436 03736    35 03635     
 4156467.8492 40.8709 -4.2239 2 2507.4614 76  26504123437 03738    36 03637     
 4156467.8512 40.8710 -4.2478 2 2507.4603 72  26504123437 03736    36 03635     
 4156467.8567 40.8709 -4.2358 2 2507.4608 74  26504123437 03737    36 03636     
 4156684.6061 40.8311 -4.2246 2 2507.7254 76  26504123437 03838    36 03737     
 4156684.6116 40.8310 -4.2130 2 2507.7248 78  26504123437 03839    36 03738     
 4156684.6125 40.8312 -4.2362 2 2507.7259 74  26504123437 03837    36 03736     
 4266640.7785 46.8528 -4.4820 2 2646.1063 78  26504123438 03839    37 03738     
 4266640.7800 46.8530 -4.5051 2 2646.1051 74  26504123438 03837    37 03736     
 4266640.7854 46.8529 -4.4935 2 2646.1057 76  26504123438 03838    37 03737     
 4266857.4960 46.8102 -4.4826 2 2646.3775 78  26504123438 03939    37 03838     
 4266857.5014 46.8102 -4.4713 2 2646.3769 80  26504123438 03940    37 03839     
 4266857.5019 46.8103 -4.4939 2 2646.3780 76  26504123438 03938    37 03837     
 4376641.7631 53.5136 -4.7485 2 2788.4261 80  26504123439 03940    38 03839     
 4376641.7641 53.5138 -4.7711 2 2788.4249 76  26504123439 03938    38 03837     
 4376641.7695 53.5137 -4.7598 2 2788.4255 78  26504123439 03939    38 03838     
 4376858.4401 53.4681 -4.7492 2 2788.7045 80  26504123439 04040    38 03939     
 4376858.4454 53.4682 -4.7602 2 2788.7051 78  26504123439 04039    38 03938     
 4376858.4454 53.4681 -4.7382 2 2788.7040 82  26504123439 04041    38 03940     
 4486466.4641 60.9091 -5.0236 2 2934.4151 82  26504123440 04041    39 03940     
 4486466.4647 60.9092 -5.0456 2 2934.4140 78  26504123440 04039    39 03938     
 4486466.4699 60.9091 -5.0346 2 2934.4145 80  26504123440 04040    39 03939     
 4486683.0995 60.8605 -5.0242 2 2934.7008 82  26504123440 04141    39 04040     
 4486683.1044 60.8606 -5.0350 2 2934.7014 80  26504123440 04140    39 04039     
 4486683.1047 60.8605 -5.0135 2 2934.7002 84  26504123440 04142    39 04041     
