    5625.1470  0.0200 -7.1197 3  445.1585 39 -200031404 6 1 6 0     5 2 3 0     
   26707.5731  6.9200 -9.3809 3 2116.1388  9  200031404 4 4 0 1     5 3 3 1     
   59369.7200  5.4025 -7.7002 3 1897.6278 27  200031404 4 2 3 1     3 3 0 1     
   83812.9266  4.5786 -7.2010 3 1811.2903 27  200031404 4 1 4 1     3 2 1 1     
   95211.8279  4.7666 -7.5160 3 1732.2623  5  200031404 2 2 0 1     3 1 3 1     
  103323.5403  6.9470 -7.7243 3 2117.0084 33  200031404 5 3 2 1     4 4 1 1     
  119525.6716  8.3827 -8.7119 3 2386.3662 11  200031404 5 5 1 1     6 4 2 1     
  145155.3203  8.3287 -8.0662 3 2385.5137 33  200031404 5 5 0 1     6 4 3 1     
  203407.5200  0.0200 -3.5657 3  134.7832  7 -200031404 3 1 3 0     2 2 0 0     
  253898.1586  3.6654 -5.3653 3 1279.7979 63  20003140410 2 9 0     9 3 6 0     
  322465.1700  0.0500 -3.6110 3  314.4594 11 -200031404 5 1 5 0     4 2 2 0     
  346134.3059  6.4327 -6.7300 3 2034.3763 33  200031404 5 2 3 1     6 1 6 1     
  390607.7600  0.0400 -2.6125 3  210.7993 27 -200031404 4 1 4 0     3 2 1 0     
  404370.5872 60.9173 -7.4384 3 2527.6857 87  20003140414 312 0    13 4 9 0     
  423166.6901 37.4766 -7.2922 3 2406.7687 75  20003140412 6 7 0    13 310 0     
  467155.5992  5.8287 -5.9538 3 1518.7861 21  20003140410 3 7 0    11 210 0     
  489054.2600  0.0800 -2.5218 3  282.3071 27 -200031404 4 2 3 0     3 3 0 0     
  517181.9600  0.2100 -4.1772 3  583.9863 13 -200031404 6 2 4 0     7 1 7 0     
  520137.3200  0.4700 -3.5221 3  733.6831 39 -200031404 6 4 3 0     5 5 0 0     
  522443.0491  6.0284 -6.2306 3 1897.4534  9  200031404 4 2 2 1     3 3 1 1     
  533498.1662  2.1676 -4.6609 3 1033.1948 15  200031404 7 5 3 0     6 6 0 0     
  537337.5700  0.4700 -3.3827 3  482.6726 11 -200031404 5 3 3 0     4 4 0 0     
  539895.9582  2.1684 -4.1734 3 1033.1943 45  200031404 7 5 2 0     6 6 1 0     
  547676.4400  0.0600 -0.8324 3   23.7549  9 -200031404 1 1 0 0     1 0 1 0     
  554859.8700  0.4900 -3.9425 3  733.6794 13 -200031404 6 4 2 0     5 5 1 0     
  585443.7178  5.4504 -7.2562 3 2536.9341 15  200031404 7 4 4 1     6 5 1 1     
  587071.6870  3.6334 -6.0965 3 1995.8705 11  200031404 5 2 4 1     4 3 1 1     
  612820.3765  5.6219 -4.8374 3 1378.9865 51  200031404 8 6 3 0     7 7 0 0     
  613883.0147  5.6419 -5.3130 3 1378.9864 17  200031404 8 6 2 0     7 7 1 0     
  647198.3962  2.6021 -3.9989 3 1612.0481  9  200031404 1 1 0 1     1 0 1 1     
  661356.6268  4.8318 -6.0119 3 2239.1572 39  200031404 6 3 4 1     5 4 1 1     
  671705.8420  5.4489 -6.6586 3 2536.9089 45  200031404 7 4 3 1     6 5 2 1     
  692079.1400  0.6000 -2.6779 3  482.6435 33 -200031404 5 3 2 0     4 4 1 0     
  708156.4361 12.5820 -6.3947 3 1952.6756 23  20003140411 5 7 0    12 210 0     
  745320.2000  0.4800 -1.0069 3   69.9275  5 -200031404 2 1 1 0     2 0 2 0     
  752538.1936  7.3168 -5.3689 3 1684.4386 63  20003140410 5 6 0    11 2 9 0     
  766603.2680 17.0253 -5.9825 3 1768.8035 19  200031404 9 7 3 0     8 8 0 0     
  766770.1545 17.0338 -5.5052 3 1768.8035 57  200031404 9 7 2 0     8 8 1 0     
  821723.0466 23.5927 -6.3712 3 2238.0282 75  20003140412 5 8 0    13 211 0     
  851380.1110  2.4955 -4.1923 3 1658.3350  5  200031404 2 1 1 1     2 0 2 1     
  856844.6259  2.6449 -4.1545 3 1047.3287 19  200031404 9 2 8 0     8 3 5 0     
  907571.5308  2.9979 -4.5362 3 1628.0617  5  200031404 2 0 2 1     1 1 1 1     
  909478.0149 16.2867 -6.6689 3 2099.5619 23  20003140411 6 6 0    12 3 9 0     
  924837.2694  6.4806 -6.8524 3 2172.1435 13  200031404 6 2 4 1     7 1 7 1     
  934716.0284  5.8282 -4.6635 3 1734.2190 21  200031404 3 1 2 1     2 2 1 1     
  951139.2790  3.6385 -5.3699 3 2120.4549 39  200031404 6 2 5 1     5 3 2 1     
  953908.3790  6.0033 -6.2027 3 2453.0583 51  200031404 8 2 7 1     7 3 4 1     
  970272.0405  0.5815 -2.3235 3  282.0946  9  200031404 4 2 2 0     3 3 1 0     
  989004.3967  4.6042 -5.2270 3 1433.0290 19  200031404 9 5 5 0    10 2 8 0     
  994675.1291  0.4274 -1.1267 3   36.7487  5  200031404 2 0 2 0     1 1 1 0     
  995280.6764 43.9490 -6.2281 3 2200.4038 63  20003140410 8 3 0     9 9 0 0     
  995306.1081 43.9493 -6.7052 3 2200.4038 21  20003140410 8 2 0     9 9 1 0     
 1003277.5999  0.4964 -2.3026 3  380.7025 11  200031404 5 2 4 0     4 3 1 0     
 1009448.7627  5.0413 -6.1042 3 2238.9750 13  200031404 6 3 3 1     5 4 2 1     
 1087025.3014  4.8616 -6.0798 3 2272.6466 15  200031404 7 2 6 1     6 3 3 1     
 1095627.3929  0.3594 -0.3260 3  136.3367 21  200031404 3 1 2 0     3 0 3 0     
 1101698.2565  0.1383 -0.8479 3    0.0000  3  200031404 1 1 1 0     0 0 0 0     
 1136703.5794  0.4464 -0.2968 3  172.8829 21  200031404 3 2 1 0     3 1 2 0     
 1156907.0196 29.5650 -6.2265 3 2200.4365 27  20003140413 311 0    12 4 8 0     
 1181394.0281  0.7121 -1.1042 3  133.4759 21  200031404 3 1 2 0     2 2 1 0     
 1182806.2449  0.6410 -3.4929 3  740.9986 45  200031404 7 2 5 0     8 1 8 0     
 1188863.1256  0.5225 -0.7953 3  274.8032  9  200031404 4 2 2 0     4 1 3 0     
 1192670.1799  2.8913 -4.0902 3 1588.2785  3  200031404 1 1 1 1     0 0 0 1     
 1199005.6352  0.2966 -0.8704 3   94.7887  5  200031404 2 2 0 0     2 1 1 0     
 1210585.2182  3.1614 -3.5266 3 1725.0170 21  200031404 3 1 2 1     3 0 3 1     
 1216850.4219  1.2054 -2.0964 3  604.7929 39  200031404 6 3 4 0     5 4 1 0     
 1229984.8176 10.0696 -5.2808 3 1767.3343 69  20003140411 3 8 0    12 211 0     
 1252571.4543  2.0799 -3.1609 3  880.1147 15  200031404 7 4 4 0     6 5 1 0     
 1255321.4709  2.9303 -3.8672 3 1074.7634 51  200031404 8 4 5 0     9 1 8 0     
 1264940.6114  3.3607 -3.3975 3 1204.1749 51  200031404 8 5 4 0     7 6 1 0     
 1270077.6044  1.8978 -2.7363 3  839.5494 51  200031404 8 2 7 0     7 3 4 0     
 1271139.8842  2.3355 -4.0108 3  879.4953 15  200031404 7 4 4 0     8 1 7 0     
 1282176.8097  4.9987 -6.0408 3 2386.3662 15  200031404 7 3 5 1     6 4 2 1     
 1290218.3431  3.5057 -3.8573 3 1204.1694 17  200031404 8 5 3 0     7 6 2 0     
 1299810.0582  5.5435 -6.2329 3 2708.0617 51  200031404 8 4 5 1     7 5 2 1     
 1325629.4470  6.1166 -4.6514 3 1574.6783 19  200031404 9 6 4 0     8 7 1 0     
 1330433.5449  6.1993 -4.1711 3 1574.6776 57  200031404 9 6 3 0     8 7 2 0     
 1340739.2220  0.8525 -1.7754 3  505.7288 39  200031404 6 2 5 0     5 3 2 0     
 1367763.9605  2.1480 -2.6047 3  880.0763 45  200031404 7 4 3 0     6 5 2 0     
 1375824.2733  3.9087 -3.4723 3 1765.3977 21  200031404 3 2 1 1     3 1 2 1     
 1397842.1636  3.0575 -3.9847 3 1868.2532  9  200031404 4 2 2 1     4 1 3 1     
 1401382.3821  3.7729 -4.6771 3 1287.7345 19  200031404 9 4 6 0    10 1 9 0     
 1402966.0331  0.6567 -0.3792 3  398.3605 33  200031404 5 2 3 0     5 1 4 0     
 1438648.6106  1.3041 -2.5817 3  658.6100 15  200031404 7 2 6 0     6 3 3 0     
 1444067.1733  3.3315 -4.1880 3 1198.1999 51  200031404 8 5 4 0     9 2 7 0     
 1456353.3950 17.9152 -5.0013 3 1989.3553 63  20003140410 7 4 0     9 8 1 0     
 1457194.7153 17.8993 -5.4779 3 1989.3552 21  20003140410 7 3 0     9 8 2 0     
 1460116.0931  4.7795 -4.0422 3 1686.7340  5  200031404 2 2 0 1     2 1 1 1     
 1479129.7195  1.8468 -3.2313 3  701.6946 39  200031404 6 4 3 0     7 1 6 0     
 1530138.5340  5.6230 -6.5633 3 2707.9211 17  200031404 8 4 4 1     7 5 3 1     
 1535491.9037  5.5056 -4.6328 3 1994.7036 33  200031404 5 2 3 1     4 3 2 1     
 1578273.6476  2.7248 -3.5909 3 1993.2765 33  200031404 5 2 3 1     5 1 4 1     
 1605962.4600  0.5539 -0.6944 3  221.2341  9  200031404 4 1 3 0     4 0 4 0     
 1620851.5585  1.2222 -2.2943 3  604.5442 13  200031404 6 3 3 0     5 4 2 0     
 1621680.7148  9.3629 -5.3897 3 1808.3622 63  20003140410 6 5 0    11 3 8 0     
 1633483.5998  0.2816 -0.2901 3   78.9887 15  200031404 2 2 1 0     2 1 2 0     
 1648236.8203  2.9772 -3.2906 3 1670.0377 21  200031404 3 0 3 1     2 1 2 1     
 1655867.6270  0.2045  0.0913 3   23.7549 15  200031404 2 1 2 0     1 0 1 0     
 1656202.0540  0.8697 -2.6794 3  324.0467 27  200031404 4 3 2 0     5 0 5 0     
 1660125.0301 56.2228 -6.3631 3 2445.9567 23  20003140411 8 4 0    10 9 1 0     
 1660265.1881 56.1938 -5.8859 3 2445.9567 69  20003140411 8 3 0    10 9 2 0     
 1671349.9472  1.1139 -3.2442 3  444.8461 11  200031404 5 3 3 0     6 0 6 0     
 1676118.3594  5.8710 -4.5491 3 1518.5405 63  20003140410 4 7 0    11 110 0     
 1678103.7893  6.2197 -6.3734 3 2328.0669 45  200031404 7 2 5 1     8 1 8 1     
 1719250.2351  0.5525  0.0760 3   78.9887 21  200031404 3 0 3 0     2 1 2 0     
 1719981.2923  1.0803 -1.0481 3  601.2376 13  200031404 6 3 3 0     6 2 4 0     
 1738483.5248  3.1479 -3.1774 3 1612.0481 15  200031404 2 1 2 1     1 0 1 1     
 1740787.6924  4.3391 -3.9040 3 1810.1868  9  200031404 4 1 3 1     4 0 4 1     
 1771674.5587  1.3721 -0.8345 3  780.4527 45  200031404 7 3 4 0     7 2 5 0     
 1786960.6218  5.4658 -5.5505 3 2559.3146 51  200031404 8 3 6 1     7 4 3 1     
 1800474.6081  0.8753 -0.9516 3  541.1803 13  200031404 6 2 4 0     6 1 5 0     
 1812402.4941 14.0342 -4.5975 3 1894.1962 75  20003140412 310 0    11 4 7 0     
 1815853.4107  0.9055 -0.3469 3  445.1585 33  200031404 5 3 2 0     5 2 3 0     
 1815973.2499  1.7909 -2.3648 3  752.1876 15  200031404 7 3 5 0     6 4 2 0     
 1824553.5451  0.6331 -3.2787 3  221.2341  7  200031404 3 3 1 0     4 0 4 0     
 1846872.2757  1.3589 -2.9343 3  583.7777 39  200031404 6 3 4 0     7 0 7 0     
 1879003.4835  5.8017 -4.2780 3 1805.5764  9  200031404 4 1 3 1     3 2 2 1     
 1894323.8233  0.3826 -0.5871 3  141.5681  7  200031404 3 2 2 0     3 1 3 0     
 1899604.3420  1.5055 -3.5445 3  541.1803 11  200031404 5 4 2 0     6 1 5 0     
 1916534.3133  1.6524 -4.0584 3  916.2937 17  200031404 8 2 6 0     9 1 9 0     
 1924106.0100  4.6632 -3.4714 3 1670.0377 15  200031404 2 2 1 1     2 1 2 1     
 1945766.8975  3.2810 -4.1841 3 2138.0889 13  200031404 6 2 4 1     6 1 5 1     
 1961635.6544  2.5827 -2.4439 3 1051.2033 51  200031404 8 4 5 0     7 5 2 0     
 1971116.0625 16.5800 -6.0032 3 2033.8125 25  20003140412 3 9 0    13 212 0     
 1974635.8699  1.0800 -1.0323 3  379.2917 33  200031404 5 2 3 0     4 3 2 0     
 1985919.1496  0.7327 -0.6801 3  314.4594  9  200031404 4 3 1 0     4 2 2 0     
 1995278.2565  3.6914 -3.6644 3 1399.4634 19  200031404 9 5 5 0     8 6 2 0     
 2011797.1616  1.8880 -1.5951 3  980.2224 17  200031404 8 3 5 0     8 2 6 0     
 2024935.6829  5.4065 -5.1122 3 2385.5137 45  200031404 7 3 4 1     6 4 3 1     
 2040849.2927  7.3769 -4.0283 3 1794.3802 63  20003140410 6 5 0     9 7 2 0     
 2046557.8195  9.8981 -5.4151 3 1767.2209 23  20003140411 4 8 0    12 111 0     
 2057952.0739  7.6760 -4.4981 3 1794.3746 21  20003140410 6 4 0     9 7 3 0     
 2069044.0014  4.0701 -4.0547 3 2384.0424 45  200031404 7 3 4 1     7 2 5 1     
 2074107.4911  4.1936 -3.1527 3 1399.4280 57  200031404 9 5 4 0     8 6 3 0     
 2088171.2701  4.1094 -4.2490 3 2202.9927 13  200031404 6 3 3 1     6 2 4 1     
 2099963.2169  1.0020 -0.8162 3  204.7560  9  200031404 4 1 3 0     3 2 2 0     
 2116526.6833  6.1794 -6.2850 3 2758.9611 19  200031404 9 3 7 1     8 4 4 1     
 2121569.5113  2.9259 -4.2816 3  980.2224 15  200031404 7 5 3 0     8 2 6 0     
 2143751.5400  0.5333 -0.2237 3  210.7993 21  200031404 3 3 0 0     3 2 1 0     
 2146288.5837 21.6851 -5.4167 3 2233.6036 23  20003140411 7 5 0    10 8 2 0     
 2147732.5366  0.2829 -0.1136 3   69.9275  7  200031404 3 1 3 0     2 0 2 0     
 2149613.8770 21.9077 -4.9383 3 2233.6028 69  20003140411 7 4 0    10 8 3 0     
 2153999.7814  1.7196 -3.6289 3  740.9122 15  200031404 7 3 5 0     8 0 8 0     
 2197901.5928  3.9824 -3.7751 3 1732.2623  7  200031404 3 2 2 1     3 1 3 1     
 2216284.3762  3.4398 -3.4006 3 1658.3350  7  200031404 3 1 3 1     2 0 2 1     
 2227871.8907  0.6788 -0.1958 3  324.0467 33  200031404 5 1 4 0     5 0 5 0     
 2229575.9196  4.7168 -4.8428 3 2586.6340 17  200031404 8 3 5 1     8 2 6 1     
 2234437.9986  4.2035 -3.5403 3 2045.9221 33  200031404 5 3 2 1     5 2 3 1     
 2242197.9273  0.5344 -0.0656 3  223.8286 27  200031404 4 2 3 0     4 1 4 0     
 2260499.9239  3.0298 -1.5969 3 1279.7979 57  200031404 9 4 5 0     9 3 6 0     
 2261914.3636  2.8780 -2.7865 3 1050.9903 17  200031404 8 4 4 0     7 5 3 0     
 2278608.6960  2.4871 -1.9890 3  925.7000 51  200031404 8 3 6 0     7 4 3 0     
 2297350.1013  7.3608 -4.1380 3 1611.6546 23  20003140411 3 9 0    10 4 6 0     
 2316972.0670  5.1631 -2.5269 3 1534.3687 21  20003140410 4 6 0    10 3 7 0     
 2318554.3020  0.5235 -0.6509 3  204.7560  7  200031404 3 3 1 0     3 2 2 0     
 2322756.6518 89.1069 -5.9185 3 2714.8407 75  20003140412 8 5 0    11 9 2 0     
 2336117.3839  2.6629 -3.4028 3 1732.2623  9  200031404 4 0 4 1     3 1 3 1     
 2361110.6108  1.1457 -0.6173 3  701.6946 45  200031404 7 2 5 0     7 1 6 0     
 2371686.7133  1.7948 -1.6490 3 1047.3287 17  200031404 8 4 4 0     8 3 5 0     
 2388324.5802  0.6326 -0.0582 3  141.5681  9  200031404 4 0 4 0     3 1 3 0     
 2405970.2080  4.9175 -3.4105 3 1913.0220 33  200031404 5 1 4 1     5 0 5 1     
 2418469.3088  0.5423 -0.0860 3  298.6202 27  200031404 4 3 2 0     4 2 3 0     
 2428027.6151  3.8557 -3.8738 3 1914.8802  9  200031404 4 3 1 1     4 2 2 1     
 2446247.6254  2.6230 -1.4250 3 1198.1999 57  200031404 9 3 6 0     9 2 7 0     
 2448751.9519  5.4410 -5.6780 3 1913.0220 27  200031404 4 3 2 1     5 0 5 1     
 2482409.5002 15.6953 -5.3791 3 2033.7597 75  20003140412 4 9 0    13 112 0     
 2486199.0799  6.7755 -5.9294 3 2903.3294 57  200031404 9 4 5 1     8 5 4 1     
 2496287.9123  3.9829 -3.8650 3 2300.7752 45  200031404 7 2 5 1     7 1 6 1     
 2526740.8769  1.2147 -3.2299 3  398.3605 27  200031404 4 4 1 0     5 1 4 0     
 2534081.1787  5.7638 -5.3219 3 1534.3687 19  200031404 9 6 4 0    10 3 7 0     
 2540639.4392  3.5540 -2.8122 3 1126.4397 19  200031404 9 3 7 0     8 4 4 0     
 2550886.7864  4.9684 -2.9010 3 1355.2001 63  20003140410 3 8 0     9 4 5 0     
 2561676.9731  2.4093 -3.4180 3  916.2579 51  200031404 8 3 6 0     9 0 9 0     
 2563889.5168  3.8664 -3.2598 3 1814.0860 27  200031404 4 2 3 1     4 1 4 1     
 2573240.0980  9.8692 -2.5198 3 1808.3622 69  20003140411 4 7 0    11 3 8 0     
 2582730.2138  1.2501 -0.7964 3  839.5494 45  200031404 7 4 3 0     7 3 4 0     
 2588332.7234  4.4439 -3.4213 3 1811.2903 21  200031404 3 3 0 1     3 2 1 1     
 2590968.8765  5.6217 -4.6991 3 2808.2803 57  200031404 9 3 6 1     9 2 7 1     
 2591047.2572  0.6052 -0.6218 3  414.1683 11  200031404 5 3 3 0     5 2 4 0     
 2603815.6554  5.7692 -4.6552 3 2116.1388 13  200031404 6 2 4 1     5 3 3 1     
 2616384.3462  3.5760 -2.9562 3 1247.2064 19  200031404 9 4 6 0     8 5 3 0     
 2622938.7881  0.3869  0.5280 3  136.3367 27  200031404 4 1 4 0     3 0 3 0     
 2650084.3209  3.2375 -3.8112 3 1109.8026 57  200031404 9 2 7 0    10 110 0     
 2653655.4500  1.6903 -1.4686 3  751.0330 45  200031404 7 3 4 0     6 4 3 0     
 2657096.2004 32.5397 -5.9403 3 2318.1375 81  20003140413 310 0    14 213 0     
 2666731.6426  0.7121 -0.5792 3  325.2157 11  200031404 5 2 4 0     5 1 5 0     
 2670222.4181  3.3688 -2.7736 3 1725.0170 27  200031404 4 1 4 1     3 0 3 1     
 2682431.1907  5.6451 -5.8875 3 2171.7414 39  200031404 6 3 4 1     7 0 7 1     
 2688474.0397  6.8073 -5.7849 3 3151.8089 21  20003140410 4 6 1    10 3 7 1     
 2712657.0147  6.0324 -3.2339 3 1619.0560 63  20003140410 5 6 0     9 6 3 0     
 2741674.7720  0.4040  0.4557 3   42.0234 15  200031404 2 2 1 0     1 1 0 0     
 2744730.7420  5.2086 -4.8317 3 2894.7058 57  200031404 9 4 5 1     9 3 6 1     
 2754402.5980  4.3113 -3.8571 3 1805.5764  7  200031404 3 3 1 1     3 2 2 1     
 2756195.5590 12.7849 -4.5991 3 2037.9620 23  20003140411 6 6 0    10 7 3 0     
 2775094.3939 20.1689 -3.7117 3 2200.4365 25  20003140412 5 7 0    12 4 8 0     
 2805384.3905  1.0230 -0.9731 3  658.6100 13  200031404 6 4 2 0     6 3 3 0     
 2807000.1229 13.7106 -4.1057 3 2037.9341 69  20003140411 6 5 0    10 7 4 0     
 2808108.3007  5.5501 -3.3895 3 1899.6081 33  200031404 5 1 4 1     4 2 3 1     
 2818530.9301  9.2017 -5.8093 3 3429.7244 69  20003140411 4 7 1    11 3 8 1     
 2827212.6914 55.2371 -3.8576 3 2527.6857 81  20003140413 5 8 0    13 4 9 0     
 2837091.5198 49.0441 -5.0979 3 2501.3372 75  20003140412 7 6 0    11 8 3 0     
 2845979.6153  0.7875 -0.2816 3  550.4510 39  200031404 6 3 4 0     6 2 5 0     
 2848038.6524 50.4003 -5.5716 3 2501.3325 25  20003140412 7 5 0    11 8 4 0     
 2850890.0446  2.8770 -3.2965 3 1899.6081 27  200031404 4 3 2 1     4 2 3 1     
 2888025.8578  0.8203 -0.7319 3  444.8461 13  200031404 6 1 5 0     6 0 6 0     
 2897777.4846  7.9822 -2.6368 3 1894.1962 69  20003140411 5 6 0    11 4 7 0     
 2917091.7659  6.4330 -3.6440 3 1618.8966 21  20003140410 5 5 0     9 6 4 0     
 2936658.8403  4.3202 -4.8733 3 2661.0047 17  200031404 8 4 4 1     8 3 5 1     
 2939000.1481  0.4942 -0.0404 3   36.7487  5  200031404 2 2 0 0     1 1 1 0     
 2966027.6095  2.2201 -2.7657 3 1814.0860 33  200031404 5 0 5 1     4 1 4 1     
 2969868.4153  0.8376 -0.3054 3  505.7288 33  200031404 5 4 1 0     5 3 2 0     
 2986640.8120  2.5900 -3.6762 3  780.4527 39  200031404 6 5 2 0     7 2 5 0     
 2990139.1456  1.1845  0.0354 3  298.6202 33  200031404 5 1 4 0     4 2 3 0     
 3004465.1822  0.7267  0.5661 3  223.8286 33  200031404 5 0 5 0     4 1 4 0     
 3013537.1808  4.0883 -3.7779 3 1914.9323 11  200031404 5 2 4 1     5 1 5 1     
 3015391.1386  4.9212 -2.7855 3 1633.6363 15  200031404 2 2 1 1     1 1 0 1     
 3017150.5187  1.4449 -1.1308 3  500.5963 13  200031404 6 2 4 0     5 3 3 0     
 3018480.7462  2.4663 -3.8382 3 2015.4531 11  200031404 5 3 3 1     5 2 4 1     
 3019723.3810  1.5347 -1.2937 3  879.4953 17  200031404 8 2 6 0     8 1 7 0     
 3024145.0020 21.9776 -3.4879 3 2099.5619 25  20003140412 4 8 0    12 3 9 0     
 3038087.2207  3.6646 -2.2450 3 1433.0290 21  20003140410 3 7 0    10 2 8 0     
 3039856.6124  3.4608 -4.2120 3 1109.7876 19  200031404 9 3 7 0    10 010 0     
 3056986.0334  0.6585 -0.7776 3  380.7025  9  200031404 4 4 0 0     4 3 1 0     
 3079693.6189124.3326 -4.9751 3 2873.3211 29  20003140414 5 9 0    14 410 0     
 3098410.7137  0.6597 -0.2897 3  379.2917 27  200031404 4 4 1 0     4 3 2 0     
 3116280.2525  0.8586 -0.7450 3  500.5963 11  200031404 5 4 2 0     5 3 3 0     
 3117290.6925  0.5469  0.1293 3  221.2341 11  200031404 5 1 5 0     4 0 4 0     
 3134098.9224  6.2025 -5.4045 3 2556.4624 17  200031404 8 3 5 1     7 4 4 1     
 3134200.8776  4.4628 -2.5573 3 1611.6546 21  20003140410 5 5 0    10 4 6 0     
 3135838.6808  4.7935 -3.9473 3 2033.4886 13  200031404 6 1 5 1     6 0 6 1     
 3139329.2601  6.4371 -5.5396 3 3047.0921 21  20003140410 3 7 1    10 2 8 1     
 3140191.9772  2.7966 -3.1815 3 1810.1868 11  200031404 5 1 5 1     4 0 4 1     
 3150967.4871  0.9025 -0.2047 3  445.3461 39  200031404 6 2 5 0     6 1 6 0     
 3167316.3227  1.0377 -0.4060 3  645.3827 39  200031404 6 4 3 0     6 3 4 0     
 3172915.5808  5.8726 -2.7094 3 1468.6127 63  20003140410 4 7 0     9 5 4 0     
 3181614.0517  4.6221 -4.5510 3 2480.5068 17  200031404 8 2 6 1     8 1 7 1     
 3182709.0298  1.2048 -0.9551 3  706.5982 15  200031404 7 3 5 0     7 2 6 0     
 3185482.4806  4.1497 -4.0202 3 2453.0583 45  200031404 7 4 3 1     7 3 4 1     
 3219067.7349  4.8522 -3.2737 3 1628.0617  5  200031404 2 2 0 1     1 1 1 1     
 3262680.3760  3.7182 -2.2513 3 1246.3688 57  200031404 9 4 5 0     8 5 4 0     
 3268820.9201  2.5852 -3.5052 3 2152.1815 39  200031404 6 3 4 1     6 2 5 1     
 3269840.8962301.6968 -5.4173 3 3352.7479 93  20003140415 6 9 0    15 510 0     
 3271755.4308  1.1496 -1.1076 3  812.7619 15  200031404 7 4 4 0     7 3 5 0     
 3296736.9762  0.5767  0.0568 3   94.7887  7  200031404 3 2 2 0     2 1 1 0     
 3344707.1644  5.1330 -4.6137 3 1321.4616 21  20003140410 2 8 0    11 111 0     
 3395949.0443 10.2453 -3.9276 3 1863.0205 23  20003140411 5 7 0    10 6 4 0     
 3400025.6508  2.7108 -1.5823 3 1355.2001 57  200031404 9 5 4 0     9 4 5 0     
 3400568.0759100.8215 -5.3038 3 2621.9913 87  20003140414 411 0    13 5 8 0     
 3409228.6866  4.0552 -4.2027 3 2272.6466 13  200031404 6 4 2 1     6 3 3 1     
 3411175.5704138.9160 -5.1381 3 2976.0487 29  20003140414 6 8 0    14 5 9 0     
 3445520.1535  1.4459 -0.9173 3 1001.7062 51  200031404 8 4 5 0     8 3 6 0     
 3464935.3041 25.8449 -4.3718 3 2305.3062 75  20003140412 6 7 0    11 7 4 0     
 3522054.3220231.9906 -5.1581 3 3235.2648 93  20003140415 510 0    15 411 0     
 3531711.5835  4.3600 -3.4061 3 2034.3763 39  200031404 6 2 5 1     6 1 6 1     
 3535058.8789  1.0598 -0.3902 3  583.7777 45  200031404 7 1 6 0     7 0 7 0     
 3554228.0042  1.8244 -3.2094 3 1914.9323 13  200031404 6 0 6 1     5 1 5 1     
 3558603.5723  4.0405 -3.5429 3 2120.4549 33  200031404 5 4 1 1     5 3 2 1     
 3559184.9667118.6882 -5.3937 3 2792.3195 81  20003140413 7 6 0    12 8 5 0     
 3562532.2795  4.8301 -4.1027 3 1321.4552 63  20003140410 3 8 0    11 011 0     
 3562805.8580  4.6420 -3.2000 3 1686.7340  7  200031404 3 2 2 1     2 1 1 1     
 3576116.3702  9.4796 -3.5899 3 1716.2003 23  20003140411 4 8 0    10 5 5 0     
 3586418.0837  4.0450 -4.5275 3 1279.7979 51  200031404 8 6 3 0     9 3 6 0     
 3586428.9526  0.8048  0.1153 3  325.2157 13  200031404 6 0 6 0     5 1 5 0     
 3591261.3053  1.7319 -0.7273 3  881.9147 51  200031404 8 3 6 0     8 2 7 0     
 3595129.0423 33.0432 -4.8153 3 2305.1961 25  20003140412 6 6 0    11 7 5 0     
 3604380.1949  3.1431 -4.1860 3 2308.9059 15  200031404 7 3 5 1     7 2 6 1     
 3620496.2177  1.9599 -1.6383 3 1126.4397 17  200031404 8 5 3 0     8 4 4 0     
 3625000.6455 43.8520 -3.5324 3 2406.7687 81  20003140413 4 9 0    13 310 0     
 3632260.0063  5.6439 -4.0204 3 1995.8705  9  200031404 4 4 0 1     4 3 1 1     
 3636463.0694  0.7011  0.6072 3  324.0467 39  200031404 6 1 6 0     5 0 5 0     
 3638109.5497  2.0822 -2.7079 3 1913.0220 39  200031404 6 1 6 1     5 0 5 1     
 3666606.3620  5.6671 -3.5356 3 1994.7036 27  200031404 4 4 1 1     4 3 2 1     
 3667362.0305 58.4145 -3.9427 3 2621.9913 81  20003140413 6 7 0    13 5 8 0     
 3675811.5582  1.1521 -0.8439 3  583.9863 15  200031404 7 2 6 0     7 1 7 0     
 3676529.5041  4.9988 -3.6874 3 2015.4531 13  200031404 6 1 5 1     5 2 4 1     
 3682195.0726  5.9531 -3.9820 3 2261.2176 45  200031404 7 2 5 1     6 3 4 1     
 3682538.1629  4.0217 -3.9924 3 2116.1388 11  200031404 5 4 2 1     5 3 3 1     
 3696241.1247  2.0880 -1.7330 3 1211.1863 19  200031404 9 4 6 0     9 3 7 0     
 3700532.9963  2.1917 -1.0773 3 1074.7634 57  200031404 9 2 7 0     9 1 8 0     
 3710800.4694 42.7669 -4.8986 3 2293.0037 27  20003140413 410 0    12 5 7 0     
 3715135.8885  6.1545 -2.1564 3 1684.4386 69  20003140411 3 8 0    11 2 9 0     
 3726303.3911  3.7312 -3.6562 3 2261.2176 39  200031404 6 4 3 1     6 3 4 1     
 3760380.6584  2.0705 -1.8217 3  921.8959 17  200031404 8 3 5 0     7 4 4 0     
 3762493.1951  1.7428 -0.8333 3  925.7000 45  200031404 7 5 2 0     7 4 3 0     
 3768640.3285 17.6603 -3.6855 3 1990.8557 75  20003140412 4 9 0    11 5 6 0     
 3769509.3225  0.8158  0.5465 3  172.8829 27  200031404 4 2 3 0     3 1 2 0     
 3807723.1678  1.2533 -0.2881 3  414.1683 13  200031404 6 1 5 0     5 2 4 0     
 3817177.3191  3.4748 -4.3626 3 2429.1350 15  200031404 7 4 4 1     7 3 5 1     
 3822209.7482  8.4496 -5.4650 3 3302.2292 69  20003140411 3 8 1    11 2 9 1     
 3835157.2264  1.4467 -1.0959 3  752.1876 13  200031404 6 5 1 0     6 4 2 0     
 3849336.8678 13.5760 -3.3279 3 1862.4556 69  20003140411 5 6 0    10 6 5 0     
 3864030.1611  0.7929 -0.5831 3  604.7929 33  200031404 5 5 0 0     5 4 1 0     
 3868338.3510  4.9221 -3.6024 3 2171.7414 45  200031404 7 1 6 1     7 0 7 1     
 3868621.7032  1.4480 -0.6112 3  751.0330 39  200031404 6 5 2 0     6 4 3 0     
 3870153.0080  1.6961 -1.2862 3  921.8959 15  200031404 7 5 3 0     7 4 4 0     
 3871375.4033  0.7961 -1.0586 3  604.5442 11  200031404 5 5 1 0     5 4 2 0     
 3889278.6987  1.8754 -1.1011 3 1116.6364 51  200031404 8 5 4 0     8 4 5 0     
 3927167.2582  5.7155 -4.3385 3 2677.2841 57  200031404 9 2 7 1     9 1 8 1     
 3943441.2326  2.6571 -1.9398 3 1334.4796 19  200031404 9 5 5 0     9 4 6 0     
 3951581.2074  0.7285  0.4396 3   78.9887 21  200031404 3 2 1 0     2 1 2 0     
 3960648.8880 24.6351 -3.7541 3 2293.0037 25  20003140412 6 6 0    12 5 7 0     
 3970505.1372  1.6289 -4.3767 3  601.2376 11  200031404 5 5 1 0     6 2 4 0     
 3972174.5390  3.3674 -4.1790 3 2618.9212 51  200031404 8 4 5 1     8 3 6 1     
 3994207.2768  7.6128 -4.5346 3 1551.2062 69  20003140411 2 9 0    12 112 0     
 4013394.3530 18.0808 -3.8050 3 2131.5655 75  20003140412 5 8 0    11 6 5 0     
 4018534.7234  4.1898 -3.9650 3 2484.8773 51  200031404 8 3 6 1     8 2 7 1     
 4022054.4452  3.4836 -1.6416 3 1440.2885 63  20003140410 4 7 0    10 3 8 0     
 4023526.7167  5.1105 -2.7248 3 1765.3977 27  200031404 4 2 3 1     3 1 2 1     
 4049297.2140  1.6853 -0.4904 3  645.3827 45  200031404 7 2 5 0     6 3 4 0     
 4049918.0763  3.9241 -1.8812 3 1574.4498 63  20003140410 5 6 0    10 4 7 0     
 4055481.5265  2.2894 -1.5040 3 1075.9100 19  200031404 9 3 7 0     9 2 8 0     
 4100033.8410  4.7674 -4.0464 3 2172.1435 15  200031404 7 2 6 1     7 1 7 1     
 4109631.4587  7.1389 -4.9973 3 1551.2034 23  20003140411 3 9 0    12 012 0     
 4118101.3129  1.7184 -2.7881 3 2034.3763 45  200031404 7 0 7 1     6 1 6 1     
 4150074.8267  0.8343  0.5326 3  445.3461 45  200031404 7 0 7 0     6 1 6 0     
 4150824.5581  5.6134 -4.8515 3 2986.2601 57  200031404 9 5 4 1     9 4 5 1     
 4153933.5798 56.8969 -5.2196 3 2596.3329 27  20003140413 6 8 0    12 7 5 0     
 4154615.3281  1.4772 -1.0715 3  740.9122 17  200031404 8 1 7 0     8 0 8 0     
 4156768.3089  1.7532 -3.2556 3 2033.4886 15  200031404 7 1 7 1     6 0 6 1     
 4171318.8107  0.7936  0.0608 3  444.8461 15  200031404 7 1 7 0     6 0 6 0     
 4178059.8751  0.9782  0.0288 3  274.8032 11  200031404 5 2 4 0     4 1 3 0     
 4201935.1106  4.1081 -5.0030 3 2829.5608 19  200031404 9 4 6 1     9 3 7 1     
 4218374.7416 10.5704 -2.6770 3 1990.8557 69  20003140411 6 5 0    11 5 6 0     
 4221393.3708  6.1356 -2.8262 3 1835.4867 23  20003140411 5 7 0    11 4 8 0     
 4224558.4080  1.5524 -0.5843 3  740.9986 51  200031404 8 2 7 0     8 1 8 0     
 4234646.3118  4.4568 -2.7894 3 1670.0377 21  200031404 3 2 1 1     2 1 2 1     
 4295639.3660  7.3870 -4.9175 3 2751.4187 57  200031404 9 3 6 1     8 4 5 1     
 4303487.9035 77.8739 -4.5708 3 2729.7722 29  20003140414 410 0    14 311 0     
 4344751.3807  4.5994 -4.9183 3 2758.9611 17  200031404 8 5 3 1     8 4 4 1     
 4355819.2181  3.4268 -1.8780 3 1287.7345 21  20003140410 2 8 0    10 1 9 0     
 4366054.8911  5.4328 -2.8129 3 1466.0187 21  20003140410 4 6 0     9 5 5 0     
 4376082.5123  0.8711 -1.3317 3  136.3367 21  200031404 3 3 0 0     3 0 3 0     
 4401560.6967  5.2981 -2.6302 3 1716.2003 21  20003140410 6 4 0    10 5 5 0     
 4403538.4250 11.6601 -3.0745 3 1952.6756 25  20003140412 3 9 0    12 210 0     
 4412941.4656  5.7140 -3.2589 3 1868.2532 11  200031404 5 2 4 1     4 1 3 1     
 4412967.1465  5.7195 -2.5494 3 1688.2859 23  20003140411 4 8 0    11 3 9 0     
 4416285.6430  0.8895  0.3493 3  134.7832  7  200031404 3 3 1 0     2 2 0 0     
 4447390.1933 86.5216 -4.6779 3 2595.9724 81  20003140413 6 7 0    12 7 6 0     
 4454728.0804  4.4551 -3.1938 3 2152.1815 45  200031404 7 1 6 1     6 2 5 1     
 4459325.1026  4.4203 -4.1223 3 2559.3146 45  200031404 7 5 2 1     7 4 3 1     
 4461849.1475  0.8950  0.8310 3  133.4759 21  200031404 3 3 0 0     2 2 1 0     
 4463128.7661 11.8652 -2.8618 3 2116.5640 75  20003140412 5 8 0    12 4 9 0     
 4497702.3988  5.3288 -4.7473 3 2679.5336 19  200031404 9 3 7 1     9 2 8 1     
 4508630.0346442.8179 -5.5091 3 3461.8181 93  20003140415 7 8 0    15 6 9 0     
 4508749.5224  5.9745 -4.9204 3 3060.1037 63  20003140410 4 7 1    10 3 8 1     
 4510176.6424  3.4618 -1.7102 3 1468.6127 57  200031404 9 6 3 0     9 5 4 0     
 4513910.4109  4.6905 -4.3899 3 2386.3662 13  200031404 6 5 1 1     6 4 2 1     
 4522526.8103 36.0261 -4.7653 3 2425.1167 27  20003140413 5 9 0    12 6 6 0     
 4532815.3382  7.2239 -3.8788 3 2239.1572 33  200031404 5 5 0 1     5 4 1 1     
 4534166.2184  1.2256  0.1849 3  550.4510 45  200031404 7 1 6 0     6 2 5 0     
 4538203.1209  7.2066 -4.3549 3 2238.9750 11  200031404 5 5 1 1     5 4 2 1     
 4538712.3215  4.6350 -3.9078 3 2385.5137 39  200031404 6 5 2 1     6 4 3 1     
 4540619.2287  4.2742 -4.5834 3 2556.4624 15  200031404 7 5 3 1     7 4 4 1     
 4554171.0281  4.1998 -4.3999 3 2751.4187 51  200031404 8 5 4 1     8 4 5 1     
 4557488.5517  3.2552 -1.3753 3 1288.2671 63  20003140410 3 8 0    10 2 9 0     
 4559558.6658  1.0363  0.4210 3  398.3605 39  200031404 6 2 5 0     5 1 4 0     
 4564547.3224  2.3868 -1.8312 3 1247.2064 17  200031404 8 6 2 0     8 5 3 0     
 4575445.0571  5.6255 -4.2791 3 2327.8864 17  200031404 8 1 7 1     8 0 8 1     
 4583164.0027  3.2361 -2.1727 3 1466.0187 19  200031404 9 6 4 0     9 5 5 0     
 4584278.4096  4.8619 -2.1162 3 1709.5405 63  20003140410 6 5 0    10 5 6 0     
 4585973.7417  2.2688 -1.1022 3 1051.2033 45  200031404 7 6 1 0     7 5 2 0     
 4588598.5358  2.2795 -1.3493 3 1246.3688 51  200031404 8 6 3 0     8 5 4 0     
 4589226.2962  2.1400 -1.5009 3  880.1147 13  200031404 6 6 0 0     6 5 1 0     
 4590361.1974  2.1424 -1.0235 3  880.0763 39  200031404 6 6 1 0     6 5 2 0     
 4592192.2382  2.2646 -1.5781 3 1050.9903 15  200031404 7 6 2 0     7 5 3 0     
 4594244.2828  5.0167 -5.2419 3 2969.7223 19  200031404 9 5 5 1     9 4 6 1     
 4604860.0037  8.5254 -3.0763 3 1976.2972 23  20003140411 6 6 0    11 5 7 0     
 4608038.7389 12.0609 -5.4686 3 1798.9680 25  20003140412 210 0    13 113 0     
 4660155.6120 19.3686 -3.1368 3 2265.4379 75  20003140412 6 7 0    12 5 8 0     
 4667308.6834 11.6864 -4.9856 3 1798.9668 75  20003140412 310 0    13 013 0     
 4668737.7651  7.0478 -5.1388 3 2891.3598 21  20003140410 2 8 1    10 1 9 1     
 4669055.2490  2.0178 -3.3915 3 2172.1435 17  200031404 8 0 8 1     7 1 7 1     
 4677326.3769  6.3706 -5.1886 3 3210.4994 63  20003140410 5 6 1    10 4 7 1     
 4686522.4740  2.0129 -2.9105 3 2171.7414 51  200031404 8 1 8 1     7 0 7 1     
 4701056.1697  5.4584 -3.7864 3 2328.0669 51  200031404 8 2 7 1     8 1 8 1     
 4701964.5879  3.9808 -4.9109 3 1047.3287 15  200031404 7 6 2 0     8 3 5 0     
 4704520.8066  0.9200 -0.0738 3  583.9863 17  200031404 8 0 8 0     7 1 7 0     
 4713363.2447  0.9246  0.4053 3  583.7777 51  200031404 8 1 8 0     7 0 7 0     
 4720440.0761  1.1018 -4.0783 3  325.2157  9  200031404 4 4 0 0     5 1 5 0     
 4721700.3219  6.1574 -4.4265 3 2429.1350 17  200031404 8 2 6 1     7 3 5 1     
 4751875.6556  2.0078 -0.8582 3  916.2579 57  200031404 9 1 8 0     9 0 9 0     
 4763850.9252  5.6795 -2.8844 3 1993.2765 39  200031404 6 2 5 1     5 1 4 1     
 4764338.8232 46.8896 -4.2002 3 2575.9720 27  20003140413 6 8 0    13 5 9 0     
 4772375.2289 27.5713 -3.8939 3 2416.7827 27  20003140413 5 9 0    13 410 0     
 4780096.6805  1.4037 -3.3996 3  445.3461 33  200031404 5 4 1 0     6 1 6 0     
 4780744.7352  1.0445 -1.4785 3  221.2341  9  200031404 4 3 1 0     4 0 4 0     
 4785176.1008  2.0463 -1.3311 3  916.2937 19  200031404 9 2 8 0     9 1 9 0     
 4788586.3910210.7313 -5.2288 3 3089.8332 29  20003140414 7 7 0    14 6 8 0     
 4802109.4386108.3914 -5.2187 3 2911.0411 87  20003140414 6 9 0    13 7 6 0     
 4854015.3190  9.7562 -2.5471 3 1954.6515 75  20003140412 4 9 0    12 310 0     
 4857092.3629  3.7658 -2.9130 3 1735.4382  7  200031404 3 3 1 1     2 2 0 1     
 4872973.5178 89.3743 -4.9016 3 2744.3214 87  20003140414 510 0    13 6 7 0     
 4889761.3811 35.5063 -4.0703 3 2129.8988 25  20003140412 5 7 0    11 6 6 0     
 4891459.1508  2.4854 -1.3625 3 1116.6364 57  200031404 9 3 6 0     8 4 5 0     
 4898873.0251  3.7915 -2.4315 3 1734.2190 21  200031404 3 3 0 1     2 2 1 1     
 4927268.9640108.5054 -4.3537 3 2906.8663 87  20003140414 6 9 0    14 510 0     
 4959104.5111  1.1149 -0.1855 3  541.1803 15  200031404 7 2 6 0     6 1 5 0     
 4973498.2421  5.7228 -1.7835 3 1518.5405 69  20003140411 2 9 0    11 110 0     
 4989254.7492143.2889 -4.7008 3 3068.8412 93  20003140415 411 0    15 312 0     
 4998133.0431 97.2953 -4.0619 3 2744.3214 81  20003140413 7 6 0    13 6 7 0     
 5020338.9276  1.8270 -0.9578 3  812.7619 17  200031404 8 2 6 0     7 3 5 0     
 5024888.9793  6.3866 -4.6231 3 2892.4915 63  20003140410 3 8 1    10 2 9 1     
 5042547.3381  1.6512 -3.9551 3  583.9863 13  200031404 6 4 2 0     7 1 7 0     
 5051275.0519  1.0006  0.7509 3  210.7993 27  200031404 4 3 2 0     3 2 1 0     
 5058711.9685 24.8468 -3.0931 3 2238.0282 81  20003140413 310 0    13 211 0     
 5075145.8044  2.9766 -3.8101 3  881.9147 45  200031404 7 5 2 0     8 2 7 0     
 5081477.7674  5.3949 -2.2485 3 1518.7861 23  20003140411 3 9 0    11 210 0     
 5120963.4691  4.9121 -3.5066 3 2138.0889 15  200031404 7 2 6 1     6 1 5 1     
 5132932.0538 42.1554 -3.9197 3 2425.1167 25  20003140412 7 5 0    12 6 6 0     
 5135338.3050  3.6731 -4.5132 3 1075.9100 17  200031404 8 5 3 0     9 2 8 0     
 5139767.4723 64.7436 -4.0129 3 2735.4221 87  20003140414 510 0    14 411 0     
 5144466.4651  3.9636 -3.7759 3 2308.9059 17  200031404 8 1 7 1     7 2 6 1     
 5152515.1779229.4232 -5.5029 3 3257.1400 31  20003140415 610 0    15 511 0     
 5174742.2149  7.4732 -4.6001 3 1725.0170 21  200031404 3 3 0 1     3 0 3 1     
 5183150.1659  1.0496 -0.1546 3  141.5681  9  200031404 4 2 2 0     3 1 3 0     
 5183324.5765  1.2250 -0.4111 3  706.5982 17  200031404 8 1 7 0     7 2 6 0     
 5197012.9063 20.3212 -5.4995 3 2064.6745 81  20003140413 211 0    14 114 0     
 5201893.0063  2.5529 -4.2284 3  706.5982 13  200031404 6 5 1 0     7 2 6 0     
 5208614.6609 17.7038 -2.8939 3 2131.5655 69  20003140411 7 4 0    11 6 5 0     
 5213202.6232  2.4586 -3.1010 3 2328.0669 57  200031404 9 0 9 1     8 1 8 1     
 5221051.8922  2.4618 -3.5766 3 2327.8864 19  200031404 9 1 9 1     8 0 8 1     
 5240718.7706  4.7446 -1.5979 3 1204.1749 45  200031404 7 7 0 0     7 6 1 0     
 5240882.6507  4.7429 -2.0750 3 1204.1694 15  200031404 7 7 1 0     7 6 2 0     
 5244613.4889  8.8046 -2.8946 3 1863.0205 21  20003140410 7 3 0    10 6 4 0     
 5249018.4840 39.6045 -3.4212 3 2420.8840 75  20003140412 7 6 0    12 6 7 0     
 5250242.9758 86.9782 -4.4923 3 2734.8932 27  20003140413 7 7 0    13 6 8 0     
 5252812.8122  4.1384 -2.2002 3 1399.4634 17  200031404 8 7 1 0     8 6 2 0     
 5253850.5885  4.1351 -1.7229 3 1399.4280 51  200031404 8 7 2 0     8 6 3 0     
 5254142.7403  1.2146  0.2139 3  740.9986 57  200031404 9 0 9 0     8 1 8 0     
 5255281.2268 17.2009 -3.3625 3 2129.8988 23  20003140411 7 5 0    11 6 6 0     
 5256066.0403  6.4584 -4.0614 3 2501.9607 57  200031404 9 1 8 1     9 0 9 1     
 5256086.1316  5.0835 -2.0202 3 1619.0560 57  200031404 9 7 2 0     9 6 3 0     
 5257804.3958  1.2381 -0.2625 3  740.9122 19  200031404 9 1 9 0     8 0 8 0     
 5260700.3887  4.9719 -2.4965 3 1618.8966 19  200031404 9 7 3 0     9 6 4 0     
 5260711.4865  8.5231 -2.4145 3 1862.4556 63  20003140410 7 4 0    10 6 5 0     
 5270307.4689180.9194 -4.6620 3 3071.2223 87  20003140414 7 8 0    14 6 9 0     
 5274745.4921  0.9832  0.2850 3  204.7560  9  200031404 4 3 1 0     3 2 2 0     
 5281350.1685  5.7720 -5.0584 3 3124.7167 57  200031404 9 6 3 1     9 5 4 1     
 5316409.8554  5.3243 -5.1833 3 2903.8864 17  200031404 8 6 2 1     8 5 3 1     
 5321066.2610  6.3842 -4.5316 3 2502.0419 19  200031404 9 2 8 1     9 1 9 1     
 5321669.9684  8.7902 -4.8546 3 2536.9341 13  200031404 6 6 0 1     6 5 1 1     
 5322416.7644  8.7858 -4.3773 3 2536.9089 39  200031404 6 6 1 1     6 5 2 1     
 5326089.1257  5.7512 -4.4557 3 2708.0617 45  200031404 7 6 1 1     7 5 2 1     
 5328987.8437 21.5593 -3.5428 3 2239.0268 27  20003140413 410 0    13 311 0     
 5330203.1683  5.7434 -4.9321 3 2707.9211 15  200031404 7 6 2 1     7 5 3 1     
 5330783.3281  8.0687 -5.4708 3 3366.5183 63  20003140410 6 5 1    10 5 6 1     
 5332470.5489  5.2979 -4.7033 3 2903.3294 51  200031404 8 6 3 1     8 5 4 1     
 5334715.3550  2.3678 -1.6521 3 1109.7876 21  20003140410 1 9 0    10 010 0     
 5350230.1048  2.3862 -1.1733 3 1109.8026 63  20003140410 2 9 0    10 110 0     
 5359315.5068  6.3565 -4.7115 3 1440.2885 57  200031404 9 6 3 0    10 3 8 0     
 5374944.4077  8.3409 -5.0426 3 3122.9404 69  20003140411 2 9 1    11 110 1     
 5402862.7739  1.3079  0.1132 3  701.6946 51  200031404 8 2 7 0     7 1 6 0     
 5406627.4161  5.0467 -4.3885 3 1288.2671 57  200031404 9 5 4 0    10 2 9 0     
 5446691.3346  1.1441 -1.0204 3  324.0467 33  200031404 5 3 2 0     5 0 5 0     
 5474747.2399  5.1020 -3.3723 3 1732.2623  9  200031404 4 2 2 1     3 1 3 1     
 5493159.3544  1.4567 -3.9748 3  550.4510 33  200031404 5 5 0 0     6 2 5 0     
 5498592.4879  3.1759 -2.5161 3 1811.2903 27  200031404 4 3 2 1     3 2 1 1     
 5519240.2926  4.1311 -3.2195 3 2300.7752 51  200031404 8 2 7 1     7 1 6 1     
 5535837.7928 11.3832 -2.5228 3 1709.5405 69  20003140411 4 7 0    10 5 6 0     
 5537211.0174  2.1900 -3.7316 3  740.9986 45  200031404 7 4 3 0     8 1 8 0     
 5551946.7893147.3716 -5.1268 3 3071.9470 31  20003140415 511 0    15 412 0     
 5559794.7542  9.2109 -2.6966 3 1767.2209 25  20003140412 210 0    12 111 0     
 5566657.4711  5.6069 -4.7115 3 1810.1868  9  200031404 4 3 1 1     4 0 4 1     
 5580244.0067  1.1177  0.1298 3  314.4594 11  200031404 5 3 3 0     4 2 2 0     
 5615627.4097  8.7739 -2.2139 3 1767.3343 75  20003140412 310 0    12 211 0     
 5644404.1009  4.4547 -4.9530 3 1211.1863 17  200031404 8 6 2 0     9 3 7 0     
 5669078.3425 57.8177 -4.1188 3 2540.6721 29  20003140414 311 0    14 212 0     
 5676845.0285  6.6090 -4.0470 3 2618.9212 57  200031404 9 2 7 1     8 3 6 1     
 5704873.2622  2.9942 -2.9796 3 1805.5764  9  200031404 4 3 1 1     3 2 2 1     
 5753464.8112  2.7687 -3.8193 3 2502.0419 21  20003140410 010 1     9 1 9 1     
 5757008.3786  2.7707 -3.3416 3 2501.9607 63  20003140410 110 1     9 0 9 1     
 5768212.4938  3.5503 -3.4947 3 2484.8773 57  200031404 9 1 8 1     8 2 7 1     
 5781459.9879  1.3226 -0.1376 3  881.9147 57  200031404 9 1 8 0     8 2 7 0     
 5800801.0149  1.6390 -0.5074 3  916.2937 21  20003140410 010 0     9 1 9 0     
 5802324.3311  1.6639 -0.0300 3  916.2579 63  20003140410 110 0     9 0 9 0     
 5805327.4506  3.0101 -4.6417 3  839.5494 39  200031404 6 6 1 0     7 3 4 0     
 5819726.5677 15.6873 -2.7680 3 1574.6783 17  200031404 8 8 0 0     8 7 1 0     
 5819749.5220 15.6858 -2.2909 3 1574.6776 51  200031404 8 8 1 0     8 7 2 0     
 5823410.1802 54.5916 -3.6276 3 2541.1740 87  20003140414 411 0    14 312 0     
 5845207.3842 13.9943 -2.4642 3 1794.3802 57  200031404 9 8 1 0     9 7 2 0     
 5845370.8476 13.9942 -2.9413 3 1794.3746 19  200031404 9 8 2 0     9 7 3 0     
 5856538.5501177.0379 -4.3580 3 2911.0411 81  20003140413 8 5 0    13 7 6 0     
 5865188.2021 16.4540 -3.2861 3 2037.9620 21  20003140410 8 2 0    10 7 3 0     
 5866000.9068 16.3707 -2.8089 3 2037.9341 63  20003140410 8 3 0    10 7 4 0     
 5876129.9692 88.1417 -4.2489 3 2596.3329 25  20003140412 8 4 0    12 7 5 0     
 5876862.2683 39.8023 -3.2523 3 2305.3062 69  20003140411 8 3 0    11 7 4 0     
 5877638.3294338.0873 -4.9954 3 3247.0208 87  20003140414 8 7 0    14 7 8 0     
 5880022.4437 39.5647 -3.7289 3 2305.1961 23  20003140411 8 4 0    11 7 5 0     
 5884946.8006175.4722 -4.8304 3 2910.0225 27  20003140413 8 6 0    13 7 7 0     
 5886338.2698 87.6868 -3.7700 3 2595.9724 75  20003140412 8 5 0    12 7 6 0     
 5888365.1685  1.5467 -0.5943 3  879.4953 19  200031404 9 2 8 0     8 1 7 0     
 5890731.6789  2.3006 -0.6004 3 1001.7062 57  200031404 9 2 7 0     8 3 6 0     
 5908468.3652  2.5343 -1.5407 3 1321.4552 69  20003140411 110 0    11 011 0     
 5915638.7860  2.5802 -2.0171 3 1321.4616 23  20003140411 210 0    11 111 0     
 5917992.1266  7.2713 -4.8513 3 2693.9568 21  20003140410 1 9 1    10 010 1     
 5918328.5437  7.8338 -5.3313 3 1518.7861 21  20003140410 5 5 0    11 210 0     
 5950811.5466  7.3926 -4.3711 3 2693.9938 63  20003140410 2 9 1    10 110 1     
 5966673.0961  3.9732 -3.9345 3 2480.5068 19  200031404 9 2 8 1     8 1 7 1     
 5992524.0567  3.7801 -1.9695 3 1334.4796 21  20003140410 3 7 0     9 4 6 0     
 5994429.4250321.6921 -5.3269 3 3425.9836 99  20003140416 512 0    16 413 0     
 6002572.2479  1.2636  0.4107 3  445.1585 39  200031404 6 3 4 0     5 2 3 0     
 6005934.2256  1.0647  0.8899 3  282.3071 27  200031404 4 4 1 0     3 3 0 0     
 6009859.7685 14.6898 -5.0130 3 2885.7209 45  200031404 7 7 0 1     7 6 1 1     
 6013177.2235  1.0662  0.4136 3  282.0946  9  200031404 4 4 0 0     3 3 1 0     
 6029046.6468 80.0020 -3.9394 3 2420.8840 81  20003140413 5 8 0    12 6 7 0     
 6030034.0284  9.1514 -5.1388 3 3081.2015 51  200031404 8 7 2 1     8 6 3 1     
 6033580.0483  4.0952 -3.1424 3 1914.8802 11  200031404 5 3 3 1     4 2 2 1     
 6069858.2408  4.1274 -4.4080 3 1001.7062 45  200031404 7 6 1 0     8 3 6 0     
 6123815.2197 15.3270 -2.7041 3 2033.7597 81  20003140413 211 0    13 112 0     
 6152168.0841 14.6896 -3.1788 3 2033.8125 27  20003140413 311 0    13 212 0     
 6188687.8591  1.6081 -1.3612 3  398.3605 33  200031404 5 4 1 0     5 1 4 0     
 6208958.5894  1.1169  0.6075 3  298.6202 33  200031404 5 3 2 0     4 2 3 0     
 6218681.8542  5.5361 -4.2105 3 1913.0220 33  200031404 5 3 2 1     5 0 5 1     
 6231768.3086  1.4146 -2.2948 3  274.8032  9  200031404 4 4 0 0     4 1 3 0     
 6240519.1315132.7057 -4.2392 3 2860.6799 93  20003140415 312 0    15 213 0     
 6291122.0555  3.0672 -3.6342 3 2693.9938 69  20003140411 011 1    10 110 1     
 6292740.0710  3.0659 -4.1110 3 2693.9568 23  20003140411 111 1    10 010 1     
 6300018.1881  3.2490 -4.6077 3  916.2937 17  200031404 8 4 4 0     9 1 9 0     
 6325840.2910  1.7942 -1.7047 3  541.1803 13  200031404 6 4 2 0     6 1 5 0     
 6326055.5281130.7271 -4.7094 3 2860.9325 31  20003140415 412 0    15 313 0     
 6327073.6254 39.1485 -3.0923 3 1989.3553 57  200031404 9 9 0 0     9 8 1 0     
 6327076.8093 39.1478 -3.5694 3 1989.3552 19  200031404 9 9 1 0     9 8 2 0     
 6341338.9328  1.6004 -0.3017 3  601.2376 15  200031404 7 3 5 0     6 2 4 0     
 6345186.3771  2.2282 -0.3256 3 1109.8026 69  20003140411 011 0    10 110 0     
 6345827.4087  2.2468 -0.8027 3 1109.7876 23  20003140411 111 0    10 010 0     
 6350340.2691  1.6375 -0.8851 3 1075.9100 21  20003140410 1 9 0     9 2 8 0     
 6350390.6768  3.6179 -4.2387 3 2679.5336 21  20003140410 1 9 1     9 2 8 1     
 6360610.6620  1.0978 -1.4888 3   69.9275  7  200031404 3 3 1 0     2 0 2 0     
 6366185.9973 33.0987 -3.7916 3 2233.6036 21  20003140410 9 1 0    10 8 2 0     
 6366210.9572 33.1013 -3.3145 3 2233.6028 63  20003140410 9 2 0    10 8 3 0     
 6400673.1378 70.1248 -3.7077 3 2501.3372 69  20003140411 9 2 0    11 8 3 0     
 6400678.7803  1.9379 -0.3992 3 1074.7634 63  20003140410 2 9 0     9 1 8 0     
 6400809.0516 70.0879 -4.1848 3 2501.3325 23  20003140411 9 3 0    11 8 4 0     
 6408481.7583  1.2435 -1.7347 3  444.8461 13  200031404 6 3 3 0     6 0 6 0     
 6428760.1812165.7266 -4.6757 3 2792.3395 25  20003140412 9 3 0    12 8 4 0     
 6429336.8453165.6051 -4.1985 3 2792.3195 75  20003140412 9 4 0    12 8 5 0     
 6448158.0897328.1506 -4.7639 3 3106.3942 81  20003140413 9 4 0    13 8 5 0     
 6450186.0307328.0214 -5.2407 3 3106.3232 27  20003140413 9 5 0    13 8 6 0     
 6451753.8850  4.2525 -3.7442 3 2677.2841 63  20003140410 2 9 1     9 1 8 1     
 6454398.1977  5.2917 -2.8713 3 2045.9221 39  200031404 6 3 4 1     5 2 3 1     
 6476040.7857  3.5551 -2.4296 3 1551.2034 25  20003140412 111 0    12 012 0     
 6479358.3477  3.6343 -1.9522 3 1551.2062 75  20003140412 211 0    12 112 0     
 6521426.0432  7.4359 -4.7343 3 2829.5608 21  20003140410 2 8 1     9 3 7 1     
 6568373.9591  8.0144 -4.7356 3 2903.8430 69  20003140411 110 1    11 011 1     
 6572200.1223 10.8203 -5.2456 3 3210.4994 69  20003140411 3 8 1    10 4 7 1     
 6576866.1266  4.9600 -2.4104 3 1897.6278 27  200031404 4 4 1 1     3 3 0 1     
 6579768.7483  6.1330 -5.2711 3 1355.2001 51  200031404 8 7 2 0     9 4 5 0     
 6582730.6705  4.9796 -2.8869 3 1897.4534  9  200031404 4 4 0 1     3 3 1 1     
 6584779.2970  8.2072 -5.2114 3 2903.8601 23  20003140411 210 1    11 111 1     
 6608410.2727  3.0633 -5.0995 3  812.7619 13  200031404 6 6 0 0     7 3 5 0     
 6620819.9469  3.0562 -2.6504 3 1899.6081 33  200031404 5 3 2 1     4 2 3 1     
 6633013.4685  2.0630 -0.0919 3  780.4527 51  200031404 8 3 6 0     7 2 5 0     
 6635303.1060  1.3466  0.1247 3  223.8286 33  200031404 5 2 3 0     4 1 4 0     
 6650677.9607  3.4309 -1.3078 3 1211.1863 21  20003140410 2 8 0     9 3 7 0     
 6672168.2672 33.9133 -3.7115 3 2318.1126 29  20003140414 212 0    14 113 0     
 6686467.4330 33.1604 -3.2333 3 2318.1375 87  20003140414 312 0    14 213 0     
 6710605.1096  1.1364  0.2666 3  380.7025 11  200031404 5 4 2 0     4 3 1 0     
 6715515.3832  2.2957 -1.3255 3  701.6946 45  200031404 7 4 3 0     7 1 6 0     
 6719526.9909 25.1595 -3.2717 3 1976.2972 25  20003140412 4 8 0    11 5 7 0     
 6760357.6959  1.1606  0.7486 3  379.2917 33  200031404 5 4 1 0     4 3 2 0     
 6760440.5430479.9103 -4.4714 3 2445.9567 21  2000314041010 0 0    10 9 1 0     
 6760440.9842479.9101 -3.9943 3 2445.9567 63  2000314041010 1 0    10 9 2 0     
 6779576.7664  6.0192 -3.5986 3 2202.9927 15  200031404 7 3 5 1     6 2 4 1     
 6814436.9642455.9805 -4.2658 3 2714.8407 69  2000314041110 1 0    11 9 2 0     
 6814440.7022455.9800 -4.7429 3 2714.8406 23  2000314041110 2 0    11 9 3 0     
 6826677.5444  4.2287 -4.4514 3 2903.8601 25  20003140412 012 1    11 111 1     
 6827428.2178  4.2289 -3.9741 3 2903.8430 75  20003140412 112 1    11 011 1     
 6829074.2913286.7473 -4.8788 3 3198.1902 99  20003140416 413 0    16 314 0     
 6862427.8642543.6236 -5.1850 3 3006.7798 25  2000314041210 2 0    12 9 3 0     
 6862449.7621543.6096 -4.7078 3 3006.7791 75  2000314041210 3 0    12 9 4 0     
 6887485.0946  3.6117 -1.1467 3 1321.4616 25  20003140412 012 0    11 111 0     
 6887759.3305  3.6203 -0.6695 3 1321.4552 75  20003140412 112 0    11 011 0     
 6903020.1560761.7483 -5.2466 3 3321.4816 81  2000314041310 3 0    13 9 4 0     
 6903424.6375  2.5906 -0.7352 3 1288.2671 69  20003140411 110 0    10 2 9 0     
 6908684.4680  4.3503 -4.0874 3 2892.4915 69  20003140411 110 1    10 2 9 1     
 6924123.3140  2.5500 -0.8673 3  980.2224 19  200031404 9 3 7 0     8 2 6 0     
 6926750.8396  2.8764 -1.2085 3 1287.7345 23  20003140411 210 0    10 1 9 0     
 6950271.4650  6.0440 -3.0853 3 1814.0860 33  200031404 5 2 3 1     4 1 4 1     
 6959527.2414  4.5941 -4.5565 3 2891.3598 23  20003140411 210 1    10 1 9 1     
 7012515.7712  6.9339 -1.7242 3 1574.4498 69  20003140411 3 8 0    10 4 7 0     
 7038914.5022  6.8733 -2.4084 3 1798.9668 81  20003140413 112 0    13 013 0     
 7040461.1014  6.9210 -2.8855 3 1798.9680 27  20003140413 212 0    13 113 0     
 7041487.1038  6.2657 -3.4078 3 2384.0424 51  200031404 8 3 6 1     7 2 5 1     
 7168588.5669  8.5041 -4.8262 3 1658.3350  7  200031404 3 3 1 1     2 0 2 1     
 7169776.8484  5.9642 -4.8808 3 2033.4886 13  200031404 6 3 3 1     6 0 6 1     
 7208731.2334 85.1520 -3.8081 3 2620.2225 93  20003140415 213 0    15 114 0     
 7215947.8740 84.4243 -4.2847 3 2620.2344 31  20003140415 313 0    15 214 0     
 7220009.8737  8.9058 -5.1422 3 3131.5815 75  20003140412 211 1    12 112 1     
 7229659.0462157.5204 -4.8309 3 2734.8932 29  20003140414 5 9 0    13 6 8 0     
 7257634.3357  3.4288 -0.7235 3 1198.1999 63  20003140410 3 8 0     9 2 7 0     
 7258739.8965  8.5309 -4.5622 3 3060.1037 69  20003140411 2 9 1    10 3 8 1     
 7282761.4432  6.5406 -4.2036 3 2586.6340 19  200031404 9 3 7 1     8 2 6 1     
 7283606.0242  1.3529 -0.4818 3  136.3367 27  200031404 4 3 2 0     3 0 3 0     
 7288090.5960  3.7822 -3.0364 3 1995.8705 11  200031404 5 4 2 1     4 3 1 1     
 7319434.3279  5.0393 -1.1503 3 1440.2885 69  20003140411 2 9 0    10 3 8 0     
 7328179.0682  1.3729 -0.1162 3  414.1683 13  200031404 6 3 3 0     5 2 4 0     
 7328533.4746  3.8585 -2.5552 3 1994.7036 33  200031404 5 4 1 1     4 3 2 1     
 7354035.1599  1.1618  0.5286 3  505.7288 39  200031404 6 4 3 0     5 3 2 0     
 7356831.8701  4.7308 -4.6585 3 1109.8026 57  200031404 9 4 5 0    10 110 0     
 7360277.3857  6.7646 -4.3605 3 3131.5815 81  20003140413 013 1    12 112 1     
 7360632.2746  6.7662 -4.8376 3 3131.5735 27  20003140413 113 1    12 012 1     
 7371315.2185  5.8363 -4.6970 3 1993.2765 33  200031404 5 4 1 1     5 1 4 1     
 7403207.2558  3.1907 -2.0882 3  879.4953 17  200031404 8 4 4 0     8 1 7 0     
 7427677.0740  6.1347 -1.0601 3 1551.2062 81  20003140413 013 0    12 112 0     
 7427796.8010  6.1369 -1.5372 3 1551.2034 27  20003140413 113 0    12 012 0     
 7443166.8543  5.6264 -5.0148 3 2138.0889 13  200031404 6 4 2 1     6 1 5 1     
 7447887.0944  4.0633 -1.5909 3 1518.7861 25  20003140412 111 0    11 210 0     
 7453712.2843  5.7838 -4.9428 3 3123.5047 25  20003140412 111 1    11 210 1     
 7458649.3130  4.2619 -1.1122 3 1518.5405 75  20003140412 211 0    11 110 0     
 7479064.1323  5.2826 -4.4619 3 3122.9404 75  20003140412 211 1    11 110 1     
 7524994.4796  1.1783  0.2604 3  482.6726 11  200031404 5 5 1 0     4 4 0 0     
 7525977.1433  1.1800  0.7376 3  482.6435 33  200031404 5 5 0 0     4 4 1 0     
 7542516.2015  1.2333  0.0655 3  500.5963 13  200031404 6 4 2 0     5 3 3 0     
 7549475.6060  7.5226 -4.0780 3 2808.2803 63  20003140410 3 8 1     9 2 7 1     
 7597898.6883 17.9249 -3.3844 3 2064.6739 29  20003140414 113 0    14 014 0     
 7598628.6744 17.9275 -2.9072 3 2064.6745 87  20003140414 213 0    14 114 0     
 7652409.3890  5.0493 -1.5747 3 1433.0290 23  20003140411 3 9 0    10 2 8 0     
 7667844.0484  1.5027 -1.6366 3  583.7777 45  200031404 7 3 4 0     7 0 7 0     
 7710467.6718  3.7592 -3.3604 3 2015.4531 13  200031404 6 3 3 1     5 2 4 1     
 7735586.8388198.8001 -4.9010 3 2940.0307 33  20003140416 214 0    16 115 0     
 7739251.6310198.1445 -4.4236 3 2940.0366 99  20003140416 314 0    16 215 0     
 7750814.3943  5.6711 -4.5957 3 2300.7752 45  200031404 7 4 3 1     7 1 6 1     
 7759077.9498  1.5009 -2.2802 3  223.8286 27  200031404 4 4 1 0     4 1 4 0     
 7861989.5673 52.0156 -3.1454 3 2265.4379 81  20003140413 4 9 0    12 5 8 0     
 7874135.9148  8.8718 -4.9432 3 3047.0921 23  20003140411 3 9 1    10 2 8 1     
 7892062.7129  9.4531 -4.7914 3 3377.0939 87  20003140414 114 1    13 013 1     
 7893113.0713  1.4827 -0.2339 3  658.6100 15  200031404 7 4 4 0     6 3 3 0     
 7916775.3596 13.1870 -2.5309 3 1835.4867 25  20003140412 3 9 0    11 4 8 0     
 7926204.0812  7.0543 -2.0180 3 1688.2859 25  20003140412 210 0    11 3 9 0     
 7946263.5902  3.6971 -2.7734 3 2120.4549 39  200031404 6 4 3 1     5 3 2 1     
 7965663.3072  8.8384 -1.9729 3 1798.9680 29  20003140414 014 0    13 113 0     
 7965716.8156  8.8380 -1.4958 3 1798.9668 87  20003140414 114 0    13 013 0     
 7987233.2285  5.9377 -1.5404 3 1767.3343 81  20003140413 112 0    12 211 0     
 7991216.6443  7.8504 -4.8922 3 3372.4151 81  20003140413 112 1    12 211 1     
 7992217.1167  5.9817 -2.0168 3 1767.2209 27  20003140413 212 0    12 111 0     
 8003980.0926  3.2600 -2.4241 3  980.2224 17  200031404 8 5 3 0     8 2 6 0     
 8085001.9794  6.4652 -3.8051 3 1725.0170 27  200031404 4 3 2 1     3 0 3 1     
 8100778.4806  6.9960 -1.5154 3 1684.4386 75  20003140412 310 0    11 2 9 0     
 8101215.6122  3.5534 -3.2379 3 2116.1388 13  200031404 6 4 2 1     5 3 3 1     
 8106773.2001  4.8433 -2.1307 3 1198.1999 57  200031404 9 5 4 0     9 2 7 0     
 8116897.9676  2.7058 -1.9246 3  780.4527 45  200031404 7 5 2 0     7 2 5 0     
 8153589.6995 52.9855 -3.4478 3 2348.2480 93  20003140415 114 0    15 015 0     
 8153939.8655 52.9799 -3.9249 3 2348.2483 31  20003140415 214 0    15 115 0     
 8194033.7106  6.1733 -3.0869 3 2117.0296 11  200031404 5 5 1 1     4 4 0 1     
 8194742.4509  6.1740 -2.6097 3 2117.0084 33  200031404 5 5 0 1     4 4 1 1     
 8252788.4478  1.6324  0.5290 3  604.7929 39  200031404 6 5 2 0     5 4 1 0     
 8261393.1754  1.6348  0.0528 3  604.5442 13  200031404 6 5 1 0     5 4 2 0     
 8263210.2489 10.2368 -4.8943 3 3302.2292 75  20003140412 310 1    11 2 9 1     
 8274929.4185  1.5232 -0.5943 3  325.2157 13  200031404 6 2 4 0     5 1 5 0     
 8306859.0632  2.1483 -0.1026 3  839.5494 51  200031404 8 4 5 0     7 3 4 0     
 8360522.9093  2.4061 -2.5538 3  601.2376 13  200031404 6 5 1 0     6 2 4 0     
 8374059.1523  1.6033 -2.4685 3  325.2157 11  200031404 5 4 2 0     5 1 5 0     
 8375069.5924  1.5354 -0.7768 3  221.2341 11  200031404 5 3 3 0     4 0 4 0     
 8403701.9864  1.6200  0.2664 3  645.3827 45  200031404 7 4 3 0     6 3 4 0     
 8407280.5456  4.4347 -2.0459 3 1074.7634 57  200031404 9 4 5 0     9 1 8 0     
 8433670.2647  6.2493 -4.7483 3 2171.7414 45  200031404 7 3 4 1     7 0 7 1     
 8439926.1741290.6772 -4.8311 3 3071.2223 93  20003140415 510 0    14 6 9 0     
 8489260.1653  7.8299 -2.9472 3 1433.0290 21  20003140410 5 5 0    10 2 8 0     
 8495421.0385 10.7456 -1.9902 3 1954.6515 81  20003140413 211 0    12 310 0     
 8501319.7625 11.2776 -1.9753 3 2064.6745 93  20003140415 015 0    14 114 0     
 8501344.3069 11.2768 -2.4524 3 2064.6739 31  20003140415 115 0    14 014 0     
 8508582.8154  4.4823 -3.5338 3 2272.6466 15  200031404 7 4 4 1     6 3 3 1     
 8523100.8941 13.3437 -2.4899 3 2033.8125 29  20003140414 113 0    13 212 0     
 8525430.9878 13.2678 -2.0125 3 2033.7597 87  20003140414 213 0    13 112 0     
 8584590.4466  9.9716 -2.4551 3 1952.6756 27  20003140413 311 0    12 210 0     
 8608567.2772  3.1055 -0.9704 3 1047.3287 19  200031404 9 4 6 0     8 3 5 0     
 8635833.5825  6.4082 -3.8040 3 1914.9323 13  200031404 6 2 4 1     5 1 5 1     
 8649751.9871  1.6470 -2.4844 3  445.1585 33  200031404 5 5 0 0     5 2 3 0     
 8666951.3879  1.7650  0.0355 3  550.4510 45  200031404 7 3 4 0     6 2 5 0     
 8700117.6880 26.5985 -2.4725 3 2116.5640 81  20003140413 310 0    12 4 9 0     
 8706671.3820141.3981 -4.5062 3 2649.6074 33  20003140416 115 0    16 016 0     
 8706842.6304141.4018 -4.0291 3 2649.6076 99  20003140416 215 0    16 116 0     
 8833441.1555  4.9051 -0.9171 3 1279.7979 63  20003140410 4 7 0     9 3 6 0     
 8882810.3016  2.4180 -4.7194 3  583.7777 39  200031404 6 5 2 0     7 0 7 0     
 8914304.2505104.0723 -4.0530 3 2575.9720 29  20003140414 410 0    13 5 9 0     
 8926372.3395  4.4037 -2.8208 3 2239.1572 39  200031404 6 5 2 1     5 4 1 1     
 8932587.8602  4.3843 -3.2973 3 2238.9750 13  200031404 6 5 1 1     5 4 2 1     
 8936721.5546  3.6386 -3.0312 3 2261.2176 45  200031404 7 4 3 1     6 3 4 1     
 8944617.6414  5.7021 -3.4046 3 2453.0583 51  200031404 8 4 5 1     7 3 4 1     
 8957881.6888  1.8419 -0.2161 3  752.1876 15  200031404 7 5 3 0     6 4 2 0     
 8979119.4842  2.2668  0.4176 3  733.6831 39  200031404 6 6 1 0     5 5 0 0     
 8979244.0683  2.2669 -0.0595 3  733.6794 13  200031404 6 6 0 0     5 5 1 0     
 8998878.8588  1.8346  0.2647 3  751.0330 45  200031404 7 5 2 0     6 4 3 0     
 9020059.9941  4.9606 -3.1961 3 2152.1815 45  200031404 7 3 4 1     6 2 5 1     
 9027289.3148  7.8915 -1.8458 3 1534.3687 23  20003140411 4 8 0    10 3 7 0     
 9034520.4930 25.8645 -2.9748 3 2348.2483 33  20003140416 016 0    15 115 0     
 9034532.0758 25.8650 -2.4977 3 2348.2480 99  20003140416 116 0    15 015 0     
 9043101.0772 23.8716 -2.9679 3 2239.0268 29  20003140414 212 0    13 311 0     
 9056280.7876 37.9499 -2.5294 3 2318.1375 93  20003140415 114 0    14 213 0     
 9057385.4840 37.8921 -3.0064 3 2318.1126 31  20003140415 214 0    14 113 0     
 9088083.2011 22.5102 -2.4850 3 2238.0282 87  20003140414 312 0    13 211 0     
 9164263.4251  1.6266 -1.9846 3  445.3461 39  200031404 6 4 3 0     6 1 6 0     
 9172209.9043  5.7589 -4.0764 3 1810.1868 11  200031404 5 3 3 1     4 0 4 1     
 9186135.8706  2.1117 -2.5728 3  740.9122 17  200031404 8 3 5 0     8 0 8 0     
 9186153.4711 14.9537 -2.9516 3 1684.4386 69  20003140411 5 6 0    11 2 9 0     
 9239657.9110 12.7512 -1.8480 3 1808.3622 75  20003140412 4 9 0    11 3 8 0     
 9255120.6342  6.9407 -4.2821 3 2661.0047 19  200031404 9 4 6 1     8 3 5 1     
 9286389.3450  1.7009 -1.4486 3  172.8829 27  200031404 4 4 1 0     3 1 2 0     
 9383191.5760 55.2935 -3.4445 3 2416.7827 29  20003140414 311 0    13 410 0     
 9403822.8025  2.6071 -0.5634 3  812.7619 17  200031404 8 4 4 0     7 3 5 0     
 9467256.2519  8.4463 -4.2458 3 2894.7058 63  20003140410 4 7 1     9 3 6 1     
 9510039.8654 24.3103 -2.8362 3 2099.5619 27  20003140413 410 0    12 3 9 0     
 9578544.5880 60.7118 -3.0385 3 2541.1740 93  20003140415 213 0    14 312 0     
 9578702.9131  1.6554 -3.0599 3  414.1683 11  200031404 5 5 1 0     5 2 4 0     
 9587252.0096 95.0076 -3.5662 3 2620.2344 33  20003140416 115 0    15 214 0     
 9587785.0067 94.9940 -3.0890 3 2620.2225 99  20003140416 215 0    15 114 0     
 9601165.0908 59.5078 -3.5128 3 2540.6721 31  20003140415 313 0    14 212 0     
 9613407.5481  2.2054 -0.0707 3  925.7000 51  200031404 8 5 4 0     7 4 3 0     
 9633410.1718  1.6718 -0.3204 3  324.0467 39  200031404 6 3 4 0     5 0 5 0     
 9639973.3575  4.2757 -3.5661 3 2386.3662 15  200031404 7 5 3 1     6 4 2 1     
 9669743.2661  4.1059 -3.0863 3 2385.5137 45  200031404 7 5 2 1     6 4 3 1     
 9689392.3242 13.9889 -3.3094 3 1808.3622 69  20003140411 6 5 0    11 3 8 0     
 9710878.5058  6.2071 -3.0647 3 1287.7345 21  20003140410 4 6 0    10 1 9 0     
 9714916.7006  2.3646 -0.3278 3  880.1147 15  200031404 7 6 2 0     6 5 1 0     
 9715973.7656  7.4959 -2.9829 3 2390.3556 39  200031404 6 6 1 1     5 5 0 1     
 9716054.7077  7.4961 -3.4600 3 2390.3532 13  200031404 6 6 0 1     5 5 1 1     
 9716230.8973  2.3672  0.1495 3  880.0763 45  200031404 7 6 1 0     6 5 2 0     
 9752563.5893  2.3587 -0.5371 3  921.8959 17  200031404 8 5 3 0     7 4 4 0     
 9759888.2840 35.4792 -4.1923 3 2099.5619 25  20003140412 6 6 0    12 3 9 0     
 9845140.8161200.9198 -4.0865 3 2906.8663 93  20003140415 411 0    14 510 0     
 9852733.6413  8.3591 -3.5001 3 1534.3687 21  20003140410 6 4 0    10 3 7 0     
 9852781.4129 53.8873 -2.9067 3 2406.7687 87  20003140414 411 0    13 310 0     
 9881917.6412  2.5015 -2.2761 3  550.4510 39  200031404 6 5 2 0     6 2 5 0     
 9885387.3848  1.8828 -1.3876 3  274.8032 11  200031404 5 4 2 0     4 1 3 0     
 9887935.0818  4.7079 -3.8486 3 2429.1350 17  200031404 8 4 4 1     7 3 5 1     
 9995653.5393116.2811 -3.5256 3 2735.4221 93  20003140415 312 0    14 411 0     
