              18005  H2O v2,2v2,v 
  207335.1934  0.7176-13.9305 3 5169.0392 21  18005140410 3 8 4    10 3 7 3     
  209118.3700  0.1500 -8.2364 3 2399.1655 11 -180051404 5 5 1 1     6 4 2 1     
  210076.2179  4.5509-19.1150 3 7032.7353 31  18005140415 7 9 2    15 610 3     
  212181.2702  1.1303-16.1591 3 5062.0106 21  18005140410 2 8 3    11 011 4     
  212342.4384  0.2161-14.7114 3 4188.3943 39  180051404 6 0 6 4     7 4 3 2     
  213222.8764  5.1115-19.9978 3 6458.0121 99  1800514041610 7 1    16 314 2     
  213761.3420  1.1764-15.1019 3 5027.2568 69  18005140411 3 8 2    10 1 9 4     
  215136.8829  2.6392-17.3195 3 6777.5285 31  18005140415 312 4    14 6 9 4     
  217847.9524  2.1529-18.0037 3 6037.8757 29  18005140414 213 4    13 410 3     
  217949.0977  1.9281-16.4305 3 5741.3913 21  18005140410 7 4 4    11 7 5 2     
  218002.0353  1.9300-15.9558 3 5741.4267 63  18005140410 7 3 4    11 7 4 2     
  221190.7803  8.7768-20.4790 3 7034.3492 93  18005140415 7 8 2    1612 5 1     
  225732.0116  1.0678-14.9478 3 5022.2814 21  18005140410 5 5 2     9 3 6 4     
  226826.6052  4.6689-15.7541 3 5475.7569 19  180051404 9 8 2 2     8 8 1 4     
  226826.9282  4.6689-15.2769 3 5475.7569 57  180051404 9 8 1 2     8 8 0 4     
  227780.0894  0.2889-14.6495 3 4224.5865 45  180051404 7 0 7 3     8 3 6 2     
  228043.6528  7.0196-18.3805 3 7495.4655105  18005140417 414 4    18 415 2     
  230191.5335  0.5297-14.6363 3  4784.662 51  180051404 8 3 5 4     9 5 4 2     
  232603.9173  9.2059-20.0126 3 8000.3562111  18005140418 514 3    18 613 2     
  232686.7000  0.0500 -7.6665 3 2398.3815 33 -180051404 5 5 0 1     6 4 3 1     
  235111.9324  0.9597-13.5046 3 5229.5773 21  18005140410 6 4 2     9 7 3 2     
  236805.3963  1.8209-16.1651 3 6256.0208 29  18005140414 312 4    13 4 9 4     
  240836.2909 15.8220-20.0455 3 8414.9703129  18005140421 219 2    20 218 4     
  241742.3106  4.7823-17.4449 3 6938.6377 81  18005140413 9 4 3    14 8 7 2     
  242112.1964  8.6974-19.8102 3 8286.0159111  18005140418 513 4    19 416 4     
  243006.1923  9.4531-20.3223 3 8181.4421 35  18005140417 810 3    18 513 3     
  243196.9082  0.6264-12.9521 3 4918.2348 63  18005140410 2 9 3     9 3 6 3     
  243282.1438  5.0025-17.9382 3 6938.5846 27  18005140413 9 5 3    14 8 6 2     
  248448.5599  0.6834-14.4656 3 4661.4486 63  18005140410 3 8 2     9 1 9 4     
  250014.9310  5.3213-19.3766 3 6351.8552 93  1800514041511 4 1    14 411 3     
  250292.9824  0.1394-12.1337 3 3926.8622  7  180051404 3 3 1 3     3 1 2 4     
  250421.5805  1.3140-17.7298 3 3216.1935 63  18005140410 4 7 1    1111 0 0     
  250751.7934  0.1264-11.5411 3 4259.8765 19  180051404 9 2 8 2     8 3 5 2     
  252172.2535  0.3806-13.0838 3 4564.0348 45  180051404 7 4 3 3     8 5 4 2     
  254039.8800  0.1500-10.7118 3 3887.1142 21 -180051404 3 1 3 4     2 2 0 4     
  254052.5518  3.4230-14.1936 3 5781.9583 87  18005140414 312 2    13 4 9 2     
  255048.6059 17.9828-20.5406 3 8414.9715 43  18005140421 319 2    20 318 4     
  256391.8145  0.2873-12.4589 3 4775.0884 19  180051404 9 5 5 2     8 6 2 2     
  257469.1792  0.1958-15.0509 3  3868.987 27  180051404 4 1 4 3     5 4 1 2     
  262555.5528  1.4168-16.1348 3 5465.0535 21  18005140410 7 3 2    11 4 8 3     
  262897.7480  0.1500 -9.5868 3 3101.1423 15 -180051404 7 7 1 1     8 6 2 1     
  263210.9331  1.2407-14.9072 3 5144.4089 69  18005140411 110 3    11 4 7 2     
  263451.3570  0.1500 -9.1079 3 3101.1239 45 -180051404 7 7 0 1     8 6 3 1     
  264001.4309  0.5014-12.8795 3 5229.5791 63  18005140410 6 5 2     9 7 2 2     
  265003.8027  7.1518-20.2306 3 5612.4951 69  18005140411 5 6 3    1212 1 1     
  265253.2997  0.2456-14.4979 3 4448.9707 15  180051404 7 3 5 3     7 1 6 4     
  266998.4174  1.2656-17.1515 3 6129.9833 75  18005140412 6 6 4    11 8 3 3     
  268149.1170  0.1500-10.8835 3 4188.3943 39 -180051404 6 5 2 2     7 4 3 2     
  270616.9986  2.6204-18.7746 3 6019.8315 81  18005140413 310 3    14 411 2     
  271294.2920  0.8075-16.8161 3 3583.3746 75  18005140412 310 1    1310 3 0     
  272466.0095  5.4199-18.0842 3 6807.6665105  18005140417 215 2    16 314 3     
  276621.1412  5.8679-18.7694 3  7414.522 33  18005140416 7 9 2    15 8 8 3     
  279650.8889  4.9428-17.4106 3 6342.5271 87  18005140414 411 3    15 214 4     
  279925.0822  9.4022-19.9402 3 8000.3562105  18005140417 710 3    18 613 2     
  283810.1347  4.0088-17.4203 3 6957.1166 93  18005140415 511 4    16 512 2     
  285148.2004  1.4378-14.0690 3 5473.8115 19  180051404 9 8 2 2    10 7 3 2     
  285393.9121 11.1853-20.4628 3 8609.3625117  18005140419 514 3    18 811 3     
  285416.7569  1.4387-13.5910 3 5473.8025 57  180051404 9 8 1 2    10 7 4 2     
  285889.3965  5.1315-16.9094 3 6873.4117 75  1800514041210 3 2    13 9 4 2     
  285916.1491  5.1326-17.3865 3 6873.4109 25  1800514041210 2 2    13 9 5 2     
  286329.5458  2.9079-17.4192 3 6336.0359 27  18005140413 7 7 2    13 5 8 4     
  289370.3901  1.7808-15.0667 3 6139.0294 81  18005140413 4 9 3    13 410 4     
  291524.1684  1.8957-17.8490 3 4525.2393 31  1800514041511 5 0    14 410 1     
  293566.8749  1.7126-16.9499 3 6138.8894 81  18005140413 4 9 3    12 6 6 4     
  293664.4910  0.2000 -8.1925 3 2724.1671 39 -180051404 6 6 1 1     7 5 2 1     
  295510.5270  0.2000-11.8200 3 4774.8049 57 -180051404 9 5 4 2     8 6 3 2     
  297439.2760  0.2000 -8.6585 3 2724.0415 13 -180051404 6 6 0 1     7 5 3 1     
  302165.3020  5.4216-18.3242 3 6807.4318 35  18005140417 315 2    16 214 3     
  308390.2580  7.2568-17.4946 3 5987.8764129  18005140421 021 1    21 516 0     
  309272.1703  4.6361-19.5411 3   6465.13 31  18005140415 313 3    1610 6 1     
  310893.7252  4.6284-17.8135 3 6510.2373 87  18005140414 510 3    15 411 2     
  312009.8017  3.2870-19.0017 3 5817.0793 31  18005140415 214 2    15 9 7 1     
  312718.8389  5.2750-17.6784 3 7396.5217 99  18005140416 611 3    17 314 3     
  314070.9217  0.1474-12.9633 3 3779.4931  5  180051404 2 2 0 3     1 0 1 4     
  317077.2320  0.0500-11.4637 3 4483.2277 57 -180051404 9 3 6 2    10 2 9 2     
  318320.0322  0.8697-14.7840 3 4842.1313 63  18005140410 010 4    10 4 7 2     
  322612.8880  0.3941-13.4331 3 4553.2736 51  180051404 8 5 4 2     7 3 5 4     
  322974.8900  0.1500-11.0111 3 4066.1226 33 -180051404 5 1 5 4     4 2 2 4     
  323524.9490  0.2000-11.1989 3 4186.5694 13 -180051404 6 5 1 2     7 4 4 2     
  323554.0190  0.1500-10.7892 3 4174.0388 87 -18005140414 312 1    13 4 9 1     
  323967.1028  4.3981-18.5730 3 6949.5799 93  18005140415 510 3    14 7 7 4     
  326059.4125  5.4376-17.2483 3 7199.1145 87  18005140414 9 6 2    1310 3 2     
  326168.7321  5.4353-17.7252 3 7199.1145 29  18005140414 9 5 2    1310 4 2     
  326686.7200  0.1500-11.2076 3 3966.5593 11 -180051404 5 1 5 3     4 2 2 3     
  328677.5248  7.1105-20.4513 3 5601.5316 25  1800514041212 0 1    11 5 7 3     
  329221.9405  6.8006-17.9864 3  7674.128123  18005140420 813 1    21 516 1     
  330115.9863  0.1553-13.4863 3 4065.1317 11  180051404 5 0 5 4     5 2 4 3     
  331123.7300  0.1000 -9.2207 3 3381.7043 21 -180051404 3 2 1 2     4 1 4 2     
  335711.4404  8.1592-19.0003 3 6767.5957 39  18005140419 119 2    19 614 1     
  336227.9410  0.0500 -6.7351 3 2042.7533 33 -180051404 5 2 3 1     6 1 6 1     
  336865.3126  1.5530-18.1704 3 4172.1525 29  18005140414 212 1    1411 3 0     
  337434.7982  2.8832-16.2206 3 6336.0359 29  18005140414 311 3    13 5 8 4     
  341209.2309  7.0482-18.6823 3 7490.9879 35  18005140417 314 4    18 315 2     
  345665.6307  1.3983-15.5962 3  5714.532 25  18005140412 3 9 3    11 5 6 4     
  348607.2618  4.2818-19.8093 3 5579.4914105  1800514041712 5 0    18 316 1     
  348644.8519 14.4349-19.5026 3 7601.5489123  18005140420 219 2    19 118 3     
  348870.5283 14.4435-19.9779 3 7601.5502 41  18005140420 119 2    19 218 3     
  350274.4687 17.3520-20.2104 3 7985.1314 41  18005140420 218 2    20 119 3     
  350484.6950  0.1500-15.0769 3 6148.6818 87 -18005140414 312 3    13 4 9 3     
  352494.7983  5.0497-19.6219 3 6096.5227111  18005140418 514 1    17 017 2     
  355733.5849 17.2817-19.7241 3 7985.1318123  18005140420 318 2    20 219 3     
  357178.9480  0.1000-15.2759 3 5430.1837 63 -18005140410 5 5 4     9 7 2 3     
  363650.9161  6.8760-18.6660 3  7474.951 27  1800514041311 3 2    1410 4 3     
  363660.7075  6.8779-18.1889 3 7474.9507 81  1800514041311 2 2    1410 5 3     
  366694.4993  1.4340-17.8528 3 3831.1789 25  18005140412 4 8 1    1311 3 0     
  370223.2588 23.2392-20.4108 3 8010.5318 43  18005140421 220 2    21 121 3     
  372692.8881  6.9394-20.3173 3 5720.7193 99  1800514041614 3 0    16 710 1     
  373358.2461 23.2612-19.9389 3 8010.5315129  18005140421 120 2    21 021 3     
  373512.4872 12.6943-19.4571 3 8166.5824117  18005140419 316 3    19 415 2     
  374120.7747  0.5912-14.0855 3 4387.0628 57  180051404 9 2 7 2     8 1 8 3     
  376549.5190  0.1500-11.5975 3 4381.9041 39 -180051404 6 4 3 3     5 5 0 3     
  378666.4410  0.1500-12.5574 3  4996.332 51 -180051404 8 7 2 2     9 6 3 2     
  379219.2089  5.6779-19.2239 3 7406.9529 99  18005140416 710 2    16 611 3     
  380686.6899  7.2252-17.8672 3 7032.7353 33  18005140416 511 2    15 610 3     
  381399.4873  4.2425-17.8706 3 6589.7464 27  18005140413 8 6 2    14 5 9 3     
  381653.5203  1.5308-14.0894 3 5728.6607 23  18005140411 7 5 2    10 8 2 2     
  382720.5248  1.5249-13.6099 3 5728.6606 69  18005140411 7 4 2    10 8 3 2     
  384076.9690  0.1500-10.2252 3 3864.7638 27 -180051404 4 1 4 3     3 2 1 3     
  392680.1005  0.0956-10.6964 3  4368.637 51  180051404 8 4 5 2     7 5 2 2     
  395171.9113  7.6328-20.2035 3 4967.0416 87  18005140414 7 8 1    1414 1 0     
  399268.6382  0.7177-16.0832 3 5008.9632 19  180051404 9 3 6 4     8 7 1 2     
  402914.5940  0.1500 -9.3887 3  3722.731 39 -180051404 6 2 5 2     5 3 2 2     
  403492.4210  0.1500 -9.7887 3 3482.4802  9 -180051404 4 2 2 2     5 1 5 2     
  404962.9288 12.3273-19.1443 3 7221.4579 37  18005140418 117 3    19 218 2     
  407857.3449  4.8128-18.7958 3 6938.5846 31  18005140415 411 4    14 8 6 2     
  410905.5441  3.9721-18.1404 3 5241.7425111  18005140418 910 0    19 019 1     
  410983.3045  1.4240-12.1739 3 4497.1924 23  18005140411 9 3 1    1010 0 1     
  410984.8097  1.4240-11.6968 3 4497.1924 69  18005140411 9 2 1    1010 1 1     
  413973.3652  0.5448-17.4668 3 2688.0799 63  1800514041010 1 0     9 1 8 1     
  416158.9242  5.8252-18.5508 3 7885.9263105  18005140417 612 4    18 315 4     
  417670.5771  0.6764-15.0459 3 4850.4413 21  18005140410 4 6 2     9 3 7 3     
  419943.4203 10.7147-18.5514 3 7220.9608111  18005140418 217 3    19 118 2     
  421512.8143  7.3039-18.9682 3 7871.7373 37  18005140418 415 4    17 512 4     
  424954.3366  1.3817-16.1510 3 6475.4462 29  18005140414 410 3    15 313 3     
  425689.1900  0.1500 -7.8331 3 2905.4336 51 -180051404 8 5 4 1     7 6 1 1     
  427286.6968  1.1159-15.2714 3 5062.0134 63  18005140410 3 8 3    11 111 4     
  427522.3287  0.4893-12.7094 3 4994.7026 17  180051404 8 7 1 2     9 6 4 2     
  429930.3982  6.5376-17.8040 3 7308.7685 99  18005140416 412 4    17 413 2     
  430012.7860  0.1500-10.8292 3 3962.9179  9 -180051404 4 1 4 4     3 2 1 4     
  430382.1414 12.9322-19.2727 3 7587.1942 39  18005140419 218 3    19 317 2     
  431632.9326 18.3300-19.5202 3 7613.1872 41  18005140420 020 3    20 119 2     
  431901.5107 18.3199-19.0407 3 7613.1784123  18005140420 120 3    20 219 2     
  435168.9837  0.1478-11.7757 3 4564.3666 15  180051404 7 6 2 2     8 5 3 2     
  437561.0192  3.9299-18.5239 3 6134.8987 99  18005140416 215 2    17 710 1     
  437764.0586  0.6047-12.9007 3 4769.0385 19  180051404 9 5 5 2     8 4 4 3     
  438534.5824  0.1729-15.2535 3 4050.5038 11  180051404 5 2 4 3     5 5 1 2     
  438690.6075 12.9799-18.7740 3 7586.9157117  18005140419 118 3    19 217 2     
  438723.3610  0.5000 -9.1487 3 3306.2956 19 -180051404 9 6 4 1     8 7 1 1     
  440407.2744  4.4266-16.9724 3 6798.7186 93  18005140415 6 9 2    14 6 8 4     
  440736.9100  0.1500 -8.2801 3 2905.4307 17 -180051404 8 5 3 1     7 6 2 1     
  441238.4060  0.3000 -8.6666 3 3306.2952 57 -180051404 9 6 3 1     8 7 2 1     
  441458.9651  0.4829-14.3033 3 4663.1507 13  180051404 6 6 0 3     7 4 3 4     
  445937.5700  6.7801-16.6452 3 6868.0731 75  1800514041210 3 2    1111 0 2     
  445937.8438  6.7800-17.1224 3 6868.0731 25  1800514041210 2 2    1111 1 2     
  447986.4147  0.2131-11.2841 3 4564.0348 45  180051404 7 6 1 2     8 5 4 2     
  449241.5651  3.6004-15.2116 3 5781.9583 87  18005140414 014 4    13 4 9 2     
  450509.1290  0.2807-13.3259 3 4846.7759 51  180051404 8 4 4 4     7 6 1 3     
  451182.8092  0.8749-14.4058 3 4837.6995 63  18005140410 010 4     9 2 7 3     
  452071.6647  0.1384-12.1873 3 4050.0523 11  180051404 5 2 4 3     4 2 3 4     
  452118.0404 11.7936-19.6684 3  7219.885 37  18005140418 117 3    19 812 1     
  452222.9848  7.1096-20.3357 3 7135.3209105  1800514041711 6 1    16 313 4     
  454387.2653  0.7492-14.0733 3 5683.3327 69  18005140411 5 7 4    12 210 4     
  456938.4436  1.4308-17.9948 3 3922.3311 31  18005140415 115 1    1410 4 0     
  459122.7087  0.2763-14.7863 3 4353.2313 15  180051404 7 5 3 2     7 2 6 3     
  459154.0745  1.6664-16.9465 3 5581.1091 25  18005140412 5 7 2    12 210 3     
  460134.5448  3.5481-17.9822 3 6347.2915 31  18005140415 412 2    14 311 3     
  461498.9555  1.0530-14.4727 3 5830.2594 69  18005140411 6 6 4    12 3 9 4     
  461994.4613  2.0474-15.1489 3 6013.4479 81  18005140413 310 3    12 5 7 4     
  463170.4630  0.0300 -6.3551 3 1907.4514  9 -180051404 4 2 2 1     3 3 1 1     
  464345.8340  0.1500-11.1975 3 4134.7983 11 -180051404 5 3 3 3     4 4 0 3     
  464751.4404  0.3361-12.3838 3 4332.9123 45  180051404 7 1 6 3     7 1 7 4     
  464811.1085  0.8710-13.4965 3 5153.5348 21  18005140410 3 7 3    11 210 3     
  470088.3140  0.6091-14.0183 3 5418.8035 21  18005140410 5 6 4    11 2 9 4     
  471541.1212  1.3425-14.3629 3 5826.1337 25  18005140412 4 9 4    12 4 8 3     
  474038.0884  0.1398-13.3992 3 3875.0171  7  180051404 3 0 3 4     4 0 4 3     
  476836.8937 12.5876-16.6150 3 6852.1675 23  1800514041111 1 2    1111 0 4     
  476836.8969 12.5876-16.1379 3 6852.1675 69  1800514041111 0 2    1111 1 4     
  478778.8180  0.1000-10.1386 3 3935.3446 27 -180051404 4 2 3 3     3 3 0 3     
  480010.6067  6.0129-17.4304 3 7280.5928 93  18005140415 8 7 2    14 9 6 3     
  484932.4312  5.5137-17.8300 3 7280.5994 31  18005140415 8 8 2    14 9 5 3     
  485110.5710  8.1525-19.1613 3 8193.3556 99  1800514041610 7 3    1511 4 2     
  485216.2861 13.0104-19.6382 3 8193.3568 33  1800514041610 6 3    1511 5 2     
  487951.3878  2.7966-15.9707 3 6347.2915 27  18005140413 6 8 3    14 311 3     
  489068.1366  2.3812-16.4586 3 6028.8584 87  18005140414 113 4    13 310 3     
  489453.4016  2.5959-16.0814 3  6596.222 81  18005140413 7 7 4    14 410 4     
  494120.0537  2.5787-15.8010 3 6579.7399 87  18005140414 410 4    15 313 4     
  494645.6376  1.6639-18.6563 3 4752.7328 23  1800514041110 2 1    10 3 7 2     
  496901.2435  1.5190-18.2266 3 4830.6144 33  18005140416 214 1    17 9 9 0     
  497630.1397  7.4011-20.2197 3 6868.8876105  18005140417 116 3    1710 7 1     
  498431.2161  1.1951-16.2522 3 5300.1782 69  18005140411 2 9 3    11 5 6 2     
  498450.2890  2.5540-19.2152 3 4902.6267 33  1800514041611 5 0    17 216 1     
  498502.5070  0.0500 -7.4051 3 2552.8798 15 -180051404 7 4 4 1     6 5 1 1     
  500423.6152  4.1101-16.3467 3 6458.0121 93  18005140415 213 3    16 314 2     
  500620.2585  2.4897-18.7798 3  5381.552 25  18005140412 111 3    1310 4 1     
  501159.9387  0.5265-16.5645 3 3127.8619 75  18005140412 112 1    13 8 5 0     
  501514.6359  2.6669-15.8889 3 5996.6369 69  18005140411 7 5 4    10 9 2 2     
  502715.8605  0.5408-15.5355 3 5196.5005 17  180051404 8 7 1 3     9 5 4 4     
  503659.1303  1.7475-20.0861 3 4480.3921 21  1800514041010 0 1    10 1 9 2     
  504900.5584  1.0200-12.4828 3 4992.1213 51  180051404 8 7 2 2     9 4 5 3     
  505852.1018  2.6691-16.3627 3 5996.6369 23  18005140411 7 4 4    10 9 1 2     
  508495.8131  1.1435-16.7574 3 5238.3852 69  18005140411 210 4    10 6 5 2     
  512913.1013 11.8967-18.6367 3 7996.9978117  18005140419 317 4    20 318 2     
  513851.0506  0.2588-11.7607 3 4232.3842 13  180051404 6 2 4 3     7 1 7 3     
  515928.3500  0.8654-14.4056 3 4644.2169 19  180051404 9 0 9 4    10 2 8 2     
  516230.1810  0.2000 -9.3093 3 3299.9911  5 -180051404 2 2 0 2     3 1 3 2     
  516338.6678  0.8200-13.7380 3 5229.5773 21  18005140410 4 6 3     9 7 3 2     
  518149.2674 14.9032-20.2403 3 8905.2181135  18005140422 914 1    23 617 1     
  518318.5687 11.8963-19.1007 3 7996.8152 39  18005140419 217 4    20 218 2     
  518753.1373  4.3026-16.3187 3 6847.0907 87  18005140414 7 8 3    15 411 3     
  522104.9705  1.0267-16.8601 3 3922.3311 29  18005140414 113 1    1410 4 0     
  522451.2874  6.2035-19.8136 3 5918.1727 27  1800514041312 2 1    12 5 7 3     
  523121.5933  0.6115-14.2691 3 4643.9991 57  180051404 9 1 9 4     8 3 6 3     
  524293.0210  0.0400 -9.1549 3 3779.4931  3 -180051404 1 1 0 4     1 0 1 4     
  525523.7141  5.2379-18.0093 3 7331.4955 35  18005140417 513 2    16 512 4     
  526399.1189  5.2096-19.0120 3 6641.8882 99  18005140416 115 4    15 510 2     
  526487.1430  0.1500-10.1747 3 4016.0528 15 -180051404 7 3 5 2     6 4 2 2     
  531127.2898  0.3130-11.6274 3 4507.5228 29  18005140414 410 1    15 313 1     
  532253.6069  2.5495-15.3665 3 5764.2042 81  18005140413 4 9 2    13 212 4     
  532640.3414  0.9299-11.1054 3  4368.546 17  180051404 8 4 4 2     7 5 3 2     
  532676.0175  2.2844-15.8101 3 6032.0808 75  18005140412 6 7 3    12 7 6 2     
  533242.7970  0.2550-11.5293 3 4332.9123 39  180051404 6 2 4 4     7 1 7 4     
  533290.4431  0.9651-13.4013 3 5421.2676 69  18005140411 3 8 3    11 3 9 4     
  536540.5117  0.9268-16.8346 3 5847.7066 21  18005140410 8 2 3    11 6 5 4     
  537499.5401  0.7503-13.6179 3 5069.0882 19  180051404 9 4 5 4    10 2 8 3     
  538436.2043  0.5347-12.2040 3 4677.8762 15  180051404 7 5 3 3     6 6 0 3     
  538438.0708  0.5161-11.7247 3  4677.876 45  180051404 7 5 2 3     6 6 1 3     
  539056.6401  2.9679-17.0442 3 6345.5868 27  18005140413 6 8 3    13 7 7 2     
  539407.4367  9.2612-18.4929 3 7885.9263117  18005140419 316 2    18 315 4     
  540012.2651  0.1405-12.5468 3 3877.5752 21  180051404 3 1 3 4     4 1 4 3     
  540754.0560  0.0400 -8.4506 3 3680.4537  9 -180051404 1 1 0 3     1 0 1 3     
  541307.3211  3.4180-18.9117 3  5316.804 75  1800514041211 2 1    11 2 9 3     
  542088.7317  4.5710-17.1513 3 7041.7273 87  18005140414 8 7 3    15 7 8 2     
  545153.9339  1.0199-13.2551 3  5316.804 63  18005140410 5 6 3    11 2 9 3     
  546690.5190  0.0200 -6.1688 3  2005.917 11 -180051404 5 2 4 1     4 3 1 1     
  548198.3631  0.7866-13.1609 3 5255.3468 63  18005140410 3 7 4    11 210 4     
  548474.4030  0.1500 -9.4329 3 3752.4162 63 -18005140410 7 4 1     9 8 1 1     
  548869.8889  0.1328 -9.9094 3 3752.4162 21  18005140410 7 3 1     9 8 2 1     
  554055.2597  0.0715 -8.4571 3 3316.1454 21  180051404 3 1 2 2     2 2 1 2     
  556841.7531  0.0778 -9.0842 3 3482.0645 21  180051404 3 3 0 2     4 2 3 2     
  558600.0008  2.2128-15.8733 3 6013.4479 75  18005140412 7 6 2    12 5 7 4     
  560250.8692  2.2707-16.2929 3 6013.5103 25  18005140412 7 5 2    11 7 4 4     
  560274.8112  0.2575-13.2483 3  4368.546 13  180051404 6 3 4 4     7 5 3 2     
  560794.4502  4.0129-17.1929 3 6456.7401 31  18005140415 313 3    16 214 2     
  561064.7472  2.2699-15.8079 3 6013.3657 75  18005140412 7 6 2    11 7 5 4     
  563945.1564  0.9885-11.2925 3  4368.546 17  180051404 8 0 8 3     7 5 3 2     
  564946.8615  1.6693-19.1509 3 4750.3878 69  1800514041110 1 1    10 110 3     
  566497.4723  0.1499 -9.8216 3 4052.8369 51  180051404 8 2 7 2     7 3 4 2     
  566645.2202  0.5148-13.8588 3 4658.9748 39  180051404 6 6 1 3     7 4 4 4     
  566830.2615  0.1811-12.7134 3 4076.8958 39  180051404 6 1 6 3     5 1 5 4     
  567222.2919  0.1044-10.8546 3 4135.0176 33  180051404 5 3 2 3     4 4 1 3     
  571059.4955  9.0514-20.2363 3 8279.0335 33  1800514041610 7 4    1610 6 2     
  571578.7639  8.9837-19.7572 3 8279.0295 99  1800514041610 6 4    1610 7 2     
  571837.7318  2.3056-15.9257 3 6032.1983 25  18005140412 6 6 3    12 7 5 2     
  574763.2209  0.1867-13.9918 3 4076.1432 13  180051404 6 0 6 3     5 0 5 4     
  577403.4666  3.8627-14.7574 3 6115.6571 29  18005140414 410 2    15 313 2     
  577681.8352  5.5121-17.3271 3 7331.4955 33  18005140416 511 3    16 512 4     
  578057.0034  0.5000 -6.7988 3 2552.8573 45 -180051404 7 4 3 1     6 5 2 1     
  579406.2281  2.1647-18.0557 3 5070.0095 33  18005140416 313 1    1710 8 0     
  581900.6446  1.0588-18.7262 3  4240.942 21  18005140410 010 2    10 9 1 1     
  583213.4591  0.1738-10.7474 3 4224.8508 33  180051404 5 3 3 4     4 4 0 4     
  583228.5467  3.0468-15.8234 3 6345.9249 81  18005140413 6 7 3    13 7 6 2     
  583697.4304 10.4326-19.2790 3 8374.9609 47  18005140423 519 1    22 616 1     
  587655.6106  1.1961-12.4049 3 5020.0255 51  180051404 8 6 3 3     7 7 0 3     
  588099.6069  1.1941-12.8813 3 5020.0255 17  180051404 8 6 2 3     7 7 1 3     
  590478.2516  0.3535-14.2666 3 4624.3029 51  180051404 8 3 6 3     8 1 7 4     
  591976.9624  0.0651-10.6351 3  4030.306  9  180051404 4 2 3 4     3 3 0 4     
  592455.9508  1.0347-14.9000 3  5964.913 25  18005140412 5 8 4    13 211 4     
  592668.2031  2.2562-17.4067 3 5457.2366 81  18005140413 211 2    14 9 6 1     
  593110.5486  7.6504-20.0577 3 7610.2263 37  18005140418 316 4    17 513 3     
  593708.1548  0.5000 -7.6362 3 2670.7897 19 -180051404 9 2 8 1     8 3 5 1     
  593928.0086  0.5836-15.0590 3 5193.4576 51  180051404 8 7 2 3     9 5 5 4     
  595079.8392  0.1000 -6.1154 3 2251.8625 39 -180051404 6 3 4 1     5 4 1 1     
  595170.0656  0.7015-15.0837 3 4792.3404 45  180051404 7 7 0 2     8 3 5 4     
  596968.3347  6.6376-18.4064 3 7779.7108 35  18005140417 612 3    18 315 3     
  598082.4575  0.9854-16.3375 3 5845.6533 63  18005140410 8 3 3    11 6 6 4     
  598494.8732  0.5492-12.5335 3 4817.7359 57  180051404 9 2 7 3     9 2 8 4     
  599924.1428  1.7373-15.6293 3 5741.3913 23  18005140411 6 6 3    11 7 5 2     
  600719.5942  0.2072-11.4598 3  4381.904 13  180051404 6 4 2 3     5 5 1 3     
  605276.6809  4.4371-17.5984 3 7039.7427 29  18005140414 8 6 3    15 7 9 2     
  605362.5000  3.2801-20.0535 3 5796.8866 31  18005140415 9 7 1    14 114 4     
  606684.4918  8.1093-19.8068 3 6581.2789105  18005140417 9 8 1    17 017 3     
  609209.8993  8.7175-20.1392 3 6581.0555 35  18005140417 9 9 1    1814 4 0     
  609610.1912  4.2647-18.8430 3 5949.8693 31  18005140415 115 3    16 8 8 1     
  610795.4256  0.1311 -9.8021 3 3873.7938 15  180051404 7 2 6 2     6 3 3 2     
  611283.1441  4.5415-17.0171 3 7302.7192 99  18005140416 412 4    15 7 9 4     
  612249.8371  1.1818-14.0292 3 5581.1091 23  18005140411 5 7 3    12 210 3     
  613300.5729  0.3251-13.1527 3 4332.7738 15  180051404 7 2 6 3     7 0 7 4     
  613381.1519  8.7155-19.6602 3 6581.0555105  18005140417 9 8 1    1814 5 0     
  618574.6350  1.7297-15.0001 3 5741.4267 69  18005140411 6 5 3    11 7 4 2     
  619145.7894  3.9412-16.4282 3 6969.4011 39  18005140419 713 1    20 416 1     
  623897.9951  6.9882-19.8295 3 7199.3074 31  18005140415 7 9 3    16 610 2     
  627156.3529  9.4714-19.1344 3 7885.7975 39  18005140419 416 2    18 415 4     
  629281.5569  1.9754-14.5634 3 6028.8584 75  18005140412 6 7 3    13 310 3     
  637287.4636  3.2888-14.3919 3 5728.6607 19  180051404 9 9 1 2    10 8 2 2     
  637291.6168  3.2880-13.9148 3 5728.6606 57  180051404 9 9 0 2    10 8 3 2     
  637774.1654  3.2928-17.4773 3 6613.8346 25  18005140412 9 3 3    13 7 6 4     
  639507.1544  8.9786-16.6515 3 7145.1084 75  1800514041211 2 2    1211 1 4     
  639507.2038  8.9786-17.1287 3 7145.1084 25  1800514041211 1 2    1211 2 4     
  640545.8563  0.4878-11.6078 3 4468.6976 13  180051404 6 4 3 4     5 5 0 4     
  641468.6164  3.4470-19.1724 3 5183.5911 35  18005140417 315 1    1612 4 0     
  644219.5376 11.5459-19.8652 3 7576.3284105  18005140417 413 3    1811 8 1     
  646738.0748  1.2875-16.8045 3 5826.1337 23  18005140411 6 5 4    12 4 8 3     
  647029.9042 25.6684-20.0462 3 8894.6684135  18005140422 121 4    23 122 2     
  648332.3352  8.9909-18.4859 3 7758.7845111  18005140418 415 3    18 514 2     
  648412.6239  2.7302-16.0518 3  5919.009 87  18005140414 213 3    13 5 8 2     
  648922.8039  5.4715-18.8327 3 6353.4027 99  18005140416 016 4    17 8 9 1     
  649591.8189  2.9262-15.0291 3 6525.0531111  18005140418 712 1    19 415 1     
  650314.8855  7.9931-18.6284 3 7708.9804 37  18005140418 414 2    17 413 4     
  651512.6598  0.1570-11.8772 3  4027.804 33  180051404 5 1 4 3     4 1 3 4     
  652003.7387  5.0810-17.1906 3 6938.6377 93  18005140415 510 3    14 8 7 2     
  652347.2327  2.2961-16.1176 3  5429.129 25  18005140412 4 8 2    13 113 3     
  652856.7308  1.0006-14.4112 3 5207.8021 57  180051404 9 7 2 2    10 4 7 3     
  655991.5251  6.4988-19.9455 3 6723.0156 99  1800514041611 6 1    16 413 2     
  658006.2510  0.2000 -4.0054 3 1618.5571  9 -180051404 1 1 0 1     1 0 1 1     
  659323.0639  0.1424-12.0199 3 3827.3927 15  180051404 2 1 1 4     3 1 2 3     
  659953.1271  7.5214-17.7082 3 7758.3969111  18005140418 415 3    17 512 3     
  661128.7823  8.3093-18.8611 3 7897.6037 93  1800514041510 6 4    1510 5 2     
  661280.7787  8.3109-19.3377 3 7897.6026 31  1800514041510 5 4    1510 6 2     
  663334.3999  5.4996-17.5809 3 7280.5928 93  18005140415 7 9 4    14 9 6 3     
  664552.0898  1.5994-15.9932 3 5742.0371 81  18005140413 212 4    12 4 9 3     
  664916.5962  2.8256-14.3151 3 6266.3706 75  18005140412 8 5 2    11 9 2 2     
  664930.7606  2.8535-14.7929 3 6266.3706 25  18005140412 8 4 2    11 9 3 2     
  669034.6465  0.3422-13.7623 3 4564.3666 15  180051404 7 3 4 4     8 5 3 2     
  670049.3939  0.1419-14.0022 3 3864.7638 15  180051404 2 2 0 4     3 2 1 3     
  671461.5407  0.5095-12.8371 3 5171.0601 57  180051404 9 5 5 4    10 2 8 4     
  674477.0249  8.3616-17.9648 3  7464.583 27  1800514041311 3 2    1212 0 2     
  674477.2827  8.3623-17.4877 3  7464.583 81  1800514041311 2 2    1212 1 2     
  676248.7276  4.4515-17.6668 3  6659.447 93  18005140415 312 3    16 115 4     
  676322.4787  3.3934-16.9216 3 6612.5484 75  18005140412 9 4 3    13 7 7 4     
  677173.3757  6.8699-18.7962 3 7581.5342 33  18005140416 7 9 3    17 612 2     
  677175.6574  3.9734-16.5770 3 6682.4573 29  18005140414 6 8 3    14 7 7 2     
  679831.8344  0.4887-11.0796 3  4468.693 39  180051404 6 4 2 4     5 5 1 4     
  680785.3862  0.1787-13.5786 3  4027.804 33  180051404 5 5 0 2     4 1 3 4     
  681556.1848  9.9286-19.9767 3 7419.6023105  1800514041712 5 1    16 710 2     
  683796.7800  1.2283-11.7311 3 4759.8531 45  180051404 7 5 3 4     6 6 0 4     
  691548.6558  1.2302-12.1984 3 4759.8525 15  180051404 7 5 2 4     6 6 1 4     
  693788.9497  4.5678-19.3563 3 5996.6892 87  18005140414 411 2    1411 4 1     
  694862.1199  1.2891-14.5978 3 5473.8025 63  18005140410 6 5 3    10 7 4 2     
  698994.8637  0.1424-12.9636 3  3951.315 27  180051404 4 0 4 4     4 2 3 3     
  699589.7957  0.1922-11.2342 3 4224.8167 11  180051404 5 3 2 4     4 4 1 4     
  700726.6481  7.6309-17.7307 3 7876.4342105  18005140417 612 4    17 611 3     
  701638.6181  1.2761-15.0197 3 5473.8115 21  18005140410 6 4 3    10 7 3 2     
  703489.4769  1.4155-16.6718 3 3512.4046 69  18005140411 4 7 1    1211 2 0     
  707177.1637  4.0961-16.2249 3 6682.0042 87  18005140414 5 9 4    15 312 3     
  708415.4463  8.8782-17.5845 3 7599.0928105  18005140417 611 2    16 710 3     
  708507.8881  2.4024-13.5614 3 5406.5476 19  180051404 9 7 3 3     8 8 0 3     
  708592.8144  2.4025-13.0842 3 5406.5476 57  180051404 9 7 2 3     8 8 1 3     
  712639.9080  7.2392-16.7667 3 7428.7564123  18005140420 714 1    21 417 1     
  717266.1013  5.8900-19.9975 3 6465.1244105  18005140417 116 2    1610 7 1     
  719411.6131  3.8787-18.1479 3 6659.4397 31  18005140415 412 3    16 215 4     
  719522.7360  3.6397-17.4254 3 6681.5924 87  18005140414 5 9 4    14 7 8 2     
  720452.4458  0.0655 -9.4187 3  3722.731 27  180051404 4 4 1 2     5 3 2 2     
  721680.7454 11.6386-19.4661 3 8594.8095117  18005140419 514 3    20 417 3     
  722147.1895  3.2920-18.0607 3 6589.7464 27  18005140413 7 6 4    14 5 9 3     
  722613.5419  0.5085-12.8810 3 4837.6995 51  180051404 8 4 4 4     9 2 7 3     
  723229.9901  9.9419-18.9224 3 8394.9593117  18005140419 415 3    18 712 3     
  724667.5180  0.0500 -8.3656 3  3825.213 15 -180051404 2 1 1 4     2 0 2 4     
  726904.4476  2.2213-15.9690 3 6109.5274 25  18005140412 6 7 4    13 6 8 2     
  727321.2430  2.9668-15.8362 3 4865.2263 37  18005140418 018 1    18 711 0     
  731357.6502  0.5923-13.5330 3 4817.7359 63  18005140410 4 7 2     9 2 8 4     
  735166.2020  0.1500 -8.6243 3  3725.942  5 -180051404 2 1 1 3     2 0 2 3     
  736807.7181  3.9808-15.1238 3 6534.1736 75  18005140412 9 4 2    1110 1 3     
  736813.4750  3.9803-15.6009 3 6534.1736 25  18005140412 9 3 2    1110 2 3     
  739495.5616  2.4043-17.1612 3 4894.5859 99  1800514041611 6 0    15 411 1     
  744041.2004  5.3024-17.6611 3 7464.4865 93  18005140415 8 8 4    16 511 4     
  749641.5553  1.4224-17.0014 3 3487.3993 25  1800514041211 1 0    11 4 8 1     
  750397.8476  3.6849-16.6596 3 6450.4156 31  18005140415 313 3    14 6 8 2     
  750450.4992  0.4202-10.6782 3  4240.942 23  18005140411 8 4 1    10 9 1 1     
  750510.4866  0.4203-10.2011 3  4240.942 69  18005140411 8 3 1    10 9 2 1     
  751379.0259  0.1468 -9.1731 3 3601.8589 33  180051404 5 2 3 2     6 1 6 2     
  753633.3849  0.1268-11.3507 3 4125.1487 11  180051404 5 3 3 3     4 3 2 4     
  753747.7691  0.2920-11.9555 3 4381.9041 39  180051404 6 6 1 2     5 5 0 3     
  754332.0773  8.6204-19.8385 3 7470.3037111  18005140418 415 2    19 910 1     
  755336.0502  7.6210-18.4456 3 7537.4814 29  1800514041410 5 4    1410 4 2     
  755345.6371 13.8870-17.9766 3 7537.4821 87  1800514041410 4 4    1410 5 2     
  757088.4460  0.3311-18.0823 3  4381.904 13  180051404 6 6 0 2     5 5 1 3     
  761336.4661  0.4091-11.6415 3 4792.3404 57  180051404 9 2 8 4     8 3 5 4     
  762287.8019  1.4593-13.9184 3 5862.3387 75  18005140412 5 8 3    13 211 3     
  762660.5473  0.4099-13.6988 3 4600.4974 17  180051404 8 2 7 4     9 4 6 2     
  774286.1931  0.2696-12.3416 3  4368.637 39  180051404 6 4 3 3     7 5 2 2     
  774763.1267  5.0894-19.4928 3 6800.0546 25  1800514041210 2 3    13 8 5 4     
  774855.3045  0.1105 -8.6611 3 3136.4125 21  18005140410 3 7 1    11 210 1     
  775495.8810  0.0500 -7.9824 3 3196.0934  5 -180051404 2 0 2 2     1 1 1 2     
  775658.5044  3.6665-16.7328 3 6777.5285 31  18005140415 610 2    14 6 9 4     
  777714.1609  5.0906-19.0041 3 6799.9562 75  1800514041210 3 3    13 8 6 4     
  778031.3272  1.9229-13.3519 3 5835.2864111  18005140418 415 1    17 512 1     
  778804.5183  9.9940-19.9202 3 7685.1097117  18005140419 218 4    20 813 1     
  779510.8739  7.7425-19.3344 3 8285.9571 37  18005140418 613 4    19 316 4     
  782512.2863  2.4457-12.8434 3 5096.2458 17  180051404 8 6 3 4     7 7 0 4     
  783201.2009  0.2552-11.1504 3 4381.9041 39  180051404 6 3 3 4     5 5 0 3     
  783871.6684  2.4465-12.3648 3 5096.2458 51  180051404 8 6 2 4     7 7 1 4     
  787748.7312  4.4155-18.2670 3 5996.5157 41  18005140420 119 1    21 616 0     
  788046.1534  0.3160-10.7221 3 4426.0664 45  180051404 7 2 6 4     7 2 5 3     
  790950.9787  0.1755-12.3168 3 4050.5126 33  180051404 5 1 5 4     5 5 0 2     
  793616.3240  0.0400 -7.1085 3 3175.4413  9 -180051404 1 1 0 2     1 0 1 2     
  794606.9374  5.8104-17.9179 3 7296.6042 99  18005140416 412 4    15 8 7 2     
  794896.1236 12.9088-19.3675 3 8741.6068117  18005140419 613 3    19 614 4     
  795812.0155  1.0306-14.1477 3 5273.6327 69  18005140411 5 6 2    10 3 7 4     
  796057.1189  0.3040-12.2008 3   4526.72 45  180051404 7 3 5 4     6 5 2 3     
  796793.4818 15.6558-19.9422 3 8305.9254 41  18005140420 317 2    20 218 3     
  798984.1650  1.0564-14.0571 3 5144.4089 63  18005140410 2 8 4    11 4 7 2     
  799377.4432  9.1259-16.9894 3 7193.2206 39  18005140419 812 1    20 515 1     
  801184.2074  8.9131-17.7290 3 7460.3565 27  1800514041311 3 2    1311 2 4     
  801184.5663  8.9140-17.2519 3 7460.3565 81  1800514041311 2 2    1311 3 4     
  802241.5900  3.3741-18.4971 3 5457.2366 93  18005140415 015 2    14 9 6 1     
  803453.2781  3.1334-12.2615 3 5037.3408 75  1800514041210 3 1    1111 0 1     
  803453.4746  3.1334-12.7386 3 5037.3408 25  1800514041210 2 1    1111 1 1     
  803575.4667  0.9278-14.6318 3 5229.5773 19  180051404 9 6 4 3     9 7 3 2     
  804922.3321  6.7217-17.0445 3 7139.5907 75  1800514041211 2 2    1310 3 3     
  804924.3145  6.7217-17.5216 3 7139.5907 25  1800514041211 1 2    1310 4 3     
  805219.7643  1.6821-15.5655 3  5714.532 23  18005140411 7 5 2    11 5 6 4     
  805309.2790  0.1425-15.8311 3 3858.8755  5  180051404 2 2 1 4     3 2 2 3     
  805535.7978  0.9205-14.1377 3 5229.5791 57  180051404 9 6 3 3     9 7 2 2     
  811327.1049  1.6864-16.7560 3 5208.8956 81  18005140413 112 2    14 8 7 1     
  815153.8239  5.6740-15.4566 3 6318.9172 23  18005140411 9 3 3    1010 0 2     
  815155.6924  5.6740-14.9794 3 6318.9172 69  18005140411 9 2 3    1010 1 2     
  817925.9690  0.0750 -9.7871 3 3719.4929  9 -180051404 4 4 0 2     5 3 3 2     
  818393.0097  0.6897-17.6686 3  4240.942 19  180051404 9 2 8 2    10 9 1 1     
  819620.4029  2.1301-16.8074 3 6417.2957 81  18005140413 6 8 4    12 8 5 3     
  820224.0240  0.1500-10.2257 3 4049.5361 33 -180051404 5 1 5 4     5 1 4 3     
  821296.0674  2.0552-19.8655 3 4469.7969 21  1800514041010 0 1    11 111 2     
  822085.8659  2.3395-15.2397 3 6111.4676 75  18005140412 6 6 4    13 6 7 2     
  822906.6411  0.4002-13.7956 3 5039.6276 57  180051404 9 4 6 4     8 6 3 3     
  823270.4972  0.6940-14.6216 3 5169.0392 19  180051404 9 5 4 4    10 3 7 3     
  823670.6000  0.3000-10.2653 3 4126.4634 33 -180051404 5 3 2 3     4 3 1 4     
  826282.3506  2.3172-17.3052 3 6111.4676 81  18005140413 410 4    13 6 7 2     
  828215.2593  1.4308-14.0412 3 5034.3871 69  18005140411 111 4    11 3 8 2     
  828831.7375  8.2729-18.7604 3 8266.4451111  18005140418 513 4    17 810 4     
  828984.7923  1.4625-15.0994 3 5289.1521 69  18005140411 2 9 3    12 012 4     
  829635.2961  0.9052-17.1711 3 4483.2277 69  18005140411 9 2 1    10 2 9 2     
  829977.1307 10.5517-18.4853 3  8334.258117  18005140419 514 2    20 417 2     
  830057.4441  8.8165-17.8807 3 7495.4655111  18005140418 316 3    18 415 2     
  830098.9074  5.3015-18.2294 3 6379.3884123  180051404201011 0    20 318 1     
  832698.4074  0.4528-11.7412 3 4689.3286 19  180051404 9 2 8 3     8 3 5 3     
  834760.6215  2.1646-14.4743 3 6095.5132 35  18005140417 711 1    18 414 1     
  835126.0537  4.5219-19.8083 3 5066.2277 99  18005140416 413 1    1513 2 0     
  835647.8080  0.6785-15.2884 3 5670.6153 69  18005140411 5 7 4    10 7 4 3     
  842959.9879  2.4277-17.7987 3 5429.1185 87  18005140414 9 6 1    13 013 3     
  844364.5491  6.2298-17.9747 3 7680.8155 35  18005140417 413 4    16 710 4     
  846300.6181  1.8871-17.0095 3  4506.734 93  1800514041511 4 0    15 213 1     
  846532.5548 10.8160-17.2854 3 7193.2206 39  18005140419 218 2    20 515 1     
  847365.3232  4.6147-17.6052 3 6683.4367 33  18005140416 313 2    15 412 3     
  847452.0322  0.5206-12.3991 3 4756.3941 57  180051404 9 5 4 2     8 4 5 3     
  848956.7351 15.5144-19.4361 3 8305.9398123  18005140420 417 2    20 318 3     
  849088.1133  7.9356-19.3247 3 6747.4636111  18005140418 811 1    1913 6 0     
  850017.1651  7.1537-17.0852 3 7199.1145 81  1800514041310 4 4    1310 3 2     
  850024.6418  7.1528-17.5623 3 7199.1145 27  1800514041310 3 4    1310 4 2     
  852022.2068  1.5520-14.7373 3 6263.6992 81  18005140413 5 9 4    14 212 4     
  853854.1396  6.1121-19.7841 3  7461.627 31  18005140415 8 7 4    16 610 3     
  856456.3664  7.1937-19.3261 3 7869.0354 93  1800514041510 5 2    16 8 8 4     
  857984.6574  4.1441-13.8496 3 5836.9839 63  18005140410 8 3 3     9 9 0 3     
  857997.9755  4.1442-14.3267 3 5836.9839 21  18005140410 8 2 3     9 9 1 3     
  859221.9814  7.0005-18.5814 3  7792.018 35  18005140417 711 2    16 8 8 3     
  859965.6990  0.0300 -4.2034 3 1664.9646  5 -180051404 2 1 1 1     2 0 2 1     
  860018.5733  2.8022-17.9021 3 5466.4025111  1800514041810 9 0    17 314 1     
  860166.4153  7.1462-18.8200 3 7581.5342 35  18005140417 513 3    17 612 2     
  865569.2611  5.0665-18.0768 3 7280.5994 31  18005140415 7 8 4    14 9 5 3     
  866679.6328  5.1658-16.3391 3 7041.7273 93  18005140415 6 9 3    15 7 8 2     
  870902.1142  7.3582-17.3417 3 7045.4337 31  18005140415 510 4    16 511 2     
  871080.9470  0.0750 -8.4903 3 3597.8661 33 -180051404 5 2 3 2     4 3 2 2     
  873782.0024  1.9847-17.4463 3 4534.9635 99  18005140416 215 1    1511 4 0     
  877585.1275  0.6161-14.8572 3   4782.92 15  180051404 7 7 1 2     7 5 2 4     
  885319.7087  0.6134-14.3699 3 4782.6621 45  180051404 7 7 0 2     7 5 3 4     
  887061.9121  9.2690-18.4494 3 8080.5042111  18005140418 414 4    17 8 9 2     
  888561.6228  3.9619-17.1722 3 6238.2429 29  18005140414 5 9 2    15 214 3     
  888992.2710 10.1786-19.3367 3 7422.8739123  18005140420 714 1    2112 9 0     
  892002.7521  2.0065-17.6643 3 5034.3871 75  1800514041210 3 1    11 3 8 2     
  893306.2687  0.1477-10.8874 3 4066.1226 33  180051404 5 2 3 3     4 2 2 4     
  897465.6613  1.0131-15.7280 3 3655.4829 29  18005140414 9 5 0    14 014 1     
  899302.1230  0.0300 -4.5680 3 1634.9671  5 -180051404 2 0 2 1     1 1 1 1     
