! Produced on 2013-10-28 18:33:18.643815
! Based on data files downloaded from the homepage of Draine:
! http://www.astro.princeton.edu/~draine/dust/dust.diel.html
! 
! Local input files:
! SiC: /Users/fdu/Dropbox/work/protoplanetary_disk/inp/SiC_81
! silicate: /Users/fdu/Dropbox/work/protoplanetary_disk/inp/suvSil_81
! graphite: /Users/fdu/Dropbox/work/protoplanetary_disk/inp/Gra_81
! 
! Averaged over a power law distribution of grain size:
! rmin = 1.000e-02, rmax = 1.000e+01, index = -3.500
! 
! Then averaged over a few dust species based on the following weights:
! SiC: 3.000e-01 silicate: 5.000e-01 graphite: 2.000e-01 
! 
! iformat =      3
! nrows =    241
! 
! lambda             absor              scatter            g                 
! micron             cm2 g-1            cm2 g-1                              
  1.0000000000e-03   1.5641584681e+03   3.2361212306e+03   9.9927670310e-01
  1.0590000000e-03   1.7088265314e+03   3.3124578079e+03   9.9927670310e-01
  1.1220000000e-03   1.8612987137e+03   3.3648007365e+03   9.9920755772e-01
  1.1890000000e-03   2.0234029598e+03   3.4227811929e+03   9.9908251972e-01
  1.2590000000e-03   2.1874149291e+03   3.4588406884e+03   9.9903056066e-01
  1.3340000000e-03   2.3600896483e+03   3.5067220177e+03   9.9881169008e-01
  1.4130000000e-03   2.5408403786e+03   3.5282270793e+03   9.9877274182e-01
  1.4960000000e-03   2.6455634679e+03   3.5491117674e+03   9.9860845873e-01
  1.5850000000e-03   2.8438763165e+03   3.5890257984e+03   9.9845427228e-01
  1.6790000000e-03   2.5618488580e+03   3.5257150310e+03   9.9833123110e-01
  1.7780000000e-03   2.7580747033e+03   3.8202641800e+03   9.9809048910e-01
  1.8840000000e-03   2.9617575083e+03   3.9312060075e+03   9.9787338706e-01
  1.9950000000e-03   3.1709663611e+03   4.0529130188e+03   9.9769268342e-01
  2.1130000000e-03   3.3852566266e+03   4.0851330218e+03   9.9740466746e-01
  2.2390000000e-03   3.6034358231e+03   4.1012502240e+03   9.9714427720e-01
  2.3710000000e-03   3.0494511804e+03   4.1953259974e+03   9.9692801110e-01
  2.5120000000e-03   3.2643062538e+03   4.6815760996e+03   9.9648280713e-01
  2.6610000000e-03   3.4888392972e+03   4.8482555786e+03   9.9619577970e-01
  2.8180000000e-03   3.7267605428e+03   4.9804853335e+03   9.9573653709e-01
  2.9850000000e-03   3.9671696159e+03   5.0592664223e+03   9.9527141536e-01
  3.1620000000e-03   4.2027613482e+03   5.1234115211e+03   9.9480192378e-01
  3.3500000000e-03   4.4476540224e+03   5.1721783169e+03   9.9420077594e-01
  3.5480000000e-03   4.6971474696e+03   5.2062346696e+03   9.9360087438e-01
  3.7580000000e-03   4.9489857137e+03   5.2249935258e+03   9.9289834378e-01
  3.9810000000e-03   5.2024065240e+03   5.2295471712e+03   9.9219298759e-01
  4.2170000000e-03   5.4572337913e+03   5.1288299292e+03   9.9141600329e-01
  4.4670000000e-03   4.3858037950e+03   5.0640763088e+03   9.9051511682e-01
  4.7320000000e-03   4.6066027654e+03   5.3107095048e+03   9.8956134794e-01
  5.0120000000e-03   4.8309449271e+03   5.7103191020e+03   9.8850981480e-01
  5.3090000000e-03   5.0581055494e+03   5.8512287499e+03   9.8727671690e-01
  5.6230000000e-03   5.2870560517e+03   5.9728656317e+03   9.8610464354e-01
  5.9570000000e-03   5.5188629629e+03   6.0656635473e+03   9.8455825798e-01
  6.3100000000e-03   5.7437886860e+03   6.1322553216e+03   9.8308233375e-01
  6.6830000000e-03   5.9706224445e+03   6.1742284147e+03   9.8125263151e-01
  7.0790000000e-03   6.1956463056e+03   6.1743023865e+03   9.7944986183e-01
  7.4990000000e-03   6.1174398201e+03   6.1143767366e+03   9.7727560668e-01
  7.9430000000e-03   6.3311654884e+03   6.2994796183e+03   9.7517176304e-01
  8.4140000000e-03   6.5458790227e+03   6.3684273761e+03   9.7256294372e-01
  8.9130000000e-03   6.7566209750e+03   6.3987601615e+03   9.6980185859e-01
  9.4410000000e-03   6.9634135376e+03   6.3881492106e+03   9.6667912627e-01
  1.0000000000e-02   7.1720435804e+03   6.2893328047e+03   9.6346937881e-01
  1.0590000000e-02   7.4230947775e+03   6.0767134830e+03   9.5994966126e-01
  1.1220000000e-02   6.0873968001e+03   5.9223056972e+03   9.5584074106e-01
  1.1890000000e-02   6.2719477092e+03   6.4999993855e+03   9.5138069952e-01
  1.2590000000e-02   6.4637837803e+03   6.7242423019e+03   9.4630267479e-01
  1.3340000000e-02   6.5942215888e+03   6.8940840745e+03   9.4115470112e-01
  1.4130000000e-02   6.7008249156e+03   7.1283016896e+03   9.3529809500e-01
  1.4960000000e-02   6.8736562820e+03   7.2919657234e+03   9.2912889879e-01
  1.5850000000e-02   7.0421793798e+03   7.4251649507e+03   9.2202761310e-01
  1.6790000000e-02   7.2080283416e+03   7.5407111272e+03   9.1399453721e-01
  1.7780000000e-02   7.3761150272e+03   7.6336902369e+03   9.0497580047e-01
  1.8840000000e-02   7.5564785878e+03   7.6664684546e+03   8.9550012163e-01
  1.9950000000e-02   7.5841589801e+03   7.7894352814e+03   8.8523230876e-01
  2.1130000000e-02   7.7295719684e+03   7.9302235375e+03   8.7446885295e-01
  2.2390000000e-02   7.8812966343e+03   8.0306355465e+03   8.6335351497e-01
  2.3710000000e-02   7.9984445155e+03   8.1482076246e+03   8.5078182254e-01
  2.5120000000e-02   8.1667113971e+03   8.2656841291e+03   8.3653584931e-01
  2.6610000000e-02   8.3368902726e+03   8.3651103302e+03   8.2014900610e-01
  2.8180000000e-02   8.5039607062e+03   8.4559955115e+03   8.0150471401e-01
  2.9850000000e-02   8.6728437864e+03   8.5421877320e+03   7.8005784939e-01
  3.1620000000e-02   8.8410958802e+03   8.6261759010e+03   7.5629953695e-01
  3.3500000000e-02   9.0085813536e+03   8.7057157196e+03   7.3007866077e-01
  3.5480000000e-02   9.1807178620e+03   8.7748508429e+03   7.0219446347e-01
  3.7580000000e-02   9.2834465474e+03   8.8145845945e+03   6.7274608484e-01
  3.9810000000e-02   9.3213314860e+03   9.0203356892e+03   6.4001703314e-01
  4.2170000000e-02   9.3962221144e+03   9.2659760440e+03   6.0591209201e-01
  4.4670000000e-02   9.5571191705e+03   9.4806056349e+03   5.7178774910e-01
  4.7320000000e-02   9.7203673228e+03   9.6978152874e+03   5.3765852168e-01
  5.0120000000e-02   9.8882873269e+03   9.9469322035e+03   5.0389186471e-01
  5.3090000000e-02   1.0045798579e+04   1.0282067352e+04   4.7019338724e-01
  5.6230000000e-02   1.0230200220e+04   1.0739896724e+04   4.3714807456e-01
  5.9570000000e-02   1.0418264467e+04   1.1692378175e+04   4.0311596517e-01
  6.3100000000e-02   1.1457336789e+04   1.2510500804e+04   3.7820544517e-01
  6.6830000000e-02   1.2572466536e+04   1.2971023119e+04   3.5490465683e-01
  7.0790000000e-02   1.3569782908e+04   1.3270425847e+04   3.2987424850e-01
  7.4990000000e-02   1.4346674542e+04   1.3469629183e+04   3.0351328193e-01
  7.9430000000e-02   1.4882786260e+04   1.3545993783e+04   2.7766111876e-01
  8.4140000000e-02   1.5231431067e+04   1.3491400637e+04   2.5499675855e-01
  8.9130000000e-02   1.5587051907e+04   1.3468323675e+04   2.3361719203e-01
  9.4410000000e-02   1.6028961072e+04   1.4051611438e+04   2.1133338798e-01
  1.0000000000e-01   1.6207493652e+04   1.4278341383e+04   1.9410508569e-01
  1.0590000000e-01   1.6151359627e+04   1.4597611844e+04   1.7995094851e-01
  1.1220000000e-01   1.5789602527e+04   1.4643915737e+04   1.6785961964e-01
  1.1890000000e-01   1.5204629038e+04   1.4255041414e+04   1.5798472771e-01
  1.2590000000e-01   1.4461109236e+04   1.3745969752e+04   1.4439023614e-01
  1.3340000000e-01   1.3750243995e+04   1.3329678821e+04   1.3024318470e-01
  1.4130000000e-01   1.2992597764e+04   1.2968652650e+04   1.1735858448e-01
  1.4960000000e-01   1.2019191184e+04   1.2832721299e+04   1.0600549798e-01
  1.5850000000e-01   1.0702448536e+04   1.2668678874e+04   9.1352563702e-02
  1.6790000000e-01   9.7110686610e+03   1.2369900107e+04   7.8320677529e-02
  1.7780000000e-01   9.0812249163e+03   1.2237977859e+04   7.2076848580e-02
  1.8840000000e-01   8.7874842541e+03   1.2197618672e+04   7.9049179061e-02
  1.9950000000e-01   8.7106424026e+03   1.2285779507e+04   8.9599905082e-02
  2.1130000000e-01   8.5315520793e+03   1.2541231803e+04   8.4162543040e-02
  2.2390000000e-01   7.9092689784e+03   1.2734080432e+04   7.2702183067e-02
  2.3710000000e-01   6.9972444371e+03   1.2696272006e+04   6.2170477406e-02
  2.5120000000e-01   6.1793150281e+03   1.2384682717e+04   5.3802570534e-02
  2.6610000000e-01   5.4080474028e+03   1.2231736625e+04   4.7529424480e-02
  2.8180000000e-01   4.7830838443e+03   1.2148492893e+04   4.2984802005e-02
  2.9850000000e-01   4.3216943782e+03   1.2023300091e+04   3.9304826517e-02
  3.1620000000e-01   4.0773550385e+03   1.1756452680e+04   3.5916477043e-02
  3.3500000000e-01   3.7614742964e+03   1.1380278198e+04   3.2581226233e-02
  3.5480000000e-01   3.5977945283e+03   1.1023713451e+04   2.9404011766e-02
  3.7580000000e-01   3.4094716411e+03   1.0745748223e+04   2.6577120720e-02
  3.9810000000e-01   3.2314931056e+03   1.0361208756e+04   2.3921344296e-02
  4.2170000000e-01   3.1231409507e+03   1.0214874463e+04   2.1567059623e-02
  4.4670000000e-01   3.0020056952e+03   9.7431507276e+03   1.9458941064e-02
  4.7320000000e-01   2.9179155889e+03   9.5646354347e+03   1.7484184802e-02
  5.0120000000e-01   2.8186520455e+03   9.2495588832e+03   1.5731580233e-02
  5.3090000000e-01   2.7167171471e+03   8.8509057629e+03   1.4115740926e-02
  5.6230000000e-01   2.6192558409e+03   8.6618150311e+03   1.2691632618e-02
  5.9570000000e-01   2.5358650105e+03   8.2822584855e+03   1.1379585080e-02
  6.3100000000e-01   2.4557800027e+03   8.1526516779e+03   1.0216091099e-02
  6.6830000000e-01   2.3713509278e+03   7.8131372744e+03   9.1554139621e-03
  7.0790000000e-01   2.2875816235e+03   7.6668144659e+03   8.2160135486e-03
  7.4990000000e-01   2.2198257395e+03   7.3407371094e+03   7.3684203072e-03
  7.9430000000e-01   2.1433886447e+03   7.2040940512e+03   6.6141262163e-03
  8.4140000000e-01   2.0858484217e+03   6.8812647635e+03   5.9390630786e-03
  8.9130000000e-01   2.0133035899e+03   6.7466313234e+03   5.3332502033e-03
  9.4410000000e-01   1.9512500693e+03   6.4488262706e+03   4.7916478949e-03
  1.0000000000e+00   1.8874391967e+03   6.3109633832e+03   4.3031418723e-03
  1.0590000000e+00   1.8308490814e+03   6.0469974298e+03   3.8693777105e-03
  1.1220000000e+00   1.7761381209e+03   5.9048895004e+03   3.4785385637e-03
  1.1890000000e+00   1.7207537054e+03   5.6643590843e+03   3.1267225490e-03
  1.2590000000e+00   1.6791162195e+03   5.5202485555e+03   2.8088719726e-03
  1.3340000000e+00   1.6258814796e+03   5.2984655917e+03   2.5232633329e-03
  1.4130000000e+00   1.5936545306e+03   5.1535451109e+03   2.2682627019e-03
  1.4960000000e+00   1.5440660797e+03   4.9472622817e+03   2.0386833825e-03
  1.5850000000e+00   1.5159025740e+03   4.8029822249e+03   1.8302222605e-03
  1.6790000000e+00   1.4702717427e+03   4.6112967167e+03   1.6425659856e-03
  1.7780000000e+00   1.4422327882e+03   4.4688567042e+03   1.4745889895e-03
  1.8840000000e+00   1.4031392242e+03   4.2901091034e+03   1.3238769364e-03
  1.9950000000e+00   1.3741674354e+03   4.1489226119e+03   1.1881321738e-03
  2.1130000000e+00   1.3410392362e+03   3.9830558043e+03   1.0657589199e-03
  2.2390000000e+00   1.3102507818e+03   3.8454661110e+03   9.5578479992e-04
  2.3710000000e+00   1.2810376605e+03   3.6909560010e+03   8.5751840061e-04
  2.5120000000e+00   1.2485547072e+03   3.5592121698e+03   7.6809569775e-04
  2.6610000000e+00   1.2221800882e+03   3.4141698356e+03   6.8785513915e-04
  2.8180000000e+00   1.1900873374e+03   3.2874291907e+03   6.1594890975e-04
  2.9850000000e+00   1.1657487394e+03   3.1510188931e+03   5.5188582045e-04
  3.1620000000e+00   1.1331391425e+03   3.0307428383e+03   4.9391137111e-04
  3.3500000000e+00   1.1123218228e+03   2.9008007245e+03   4.4199639812e-04
  3.5480000000e+00   1.0807522655e+03   2.7853674323e+03   3.9541594176e-04
  3.7580000000e+00   1.0574198120e+03   2.6647269436e+03   3.5358529836e-04
  3.9810000000e+00   1.0265157679e+03   2.5538555450e+03   3.1555403114e-04
  4.2170000000e+00   1.0026912679e+03   2.4397910370e+03   2.8158806794e-04
  4.4670000000e+00   9.7233437993e+02   2.3325349691e+03   2.5081360881e-04
  4.7320000000e+00   9.4827807892e+02   2.2207531113e+03   2.2308023631e-04
  5.0120000000e+00   9.2272569993e+02   2.1131883678e+03   1.9816738741e-04
  5.3090000000e+00   9.0027169752e+02   2.0017990852e+03   1.7565120579e-04
  5.6230000000e+00   8.8058459446e+02   1.8879254665e+03   1.5557933269e-04
  5.9570000000e+00   8.6377877661e+02   1.7695056311e+03   1.3745785763e-04
  6.3100000000e+00   8.4625875183e+02   1.6457525116e+03   1.2231188232e-04
  6.6830000000e+00   8.2663632953e+02   1.5199994529e+03   1.0644928090e-04
  7.0790000000e+00   8.0284932289e+02   1.3773493057e+03   9.2753670354e-05
  7.4990000000e+00   8.2222114651e+02   1.1484622243e+03   7.9997624807e-05
  7.9430000000e+00   1.0093875104e+03   8.9410954618e+02   6.7949848854e-05
  8.4140000000e+00   1.3446227424e+03   8.5197441562e+02   5.7507035897e-05
  8.9130000000e+00   1.6616994948e+03   8.2997559539e+02   4.8166633618e-05
  9.4410000000e+00   2.0543833040e+03   8.2941241754e+02   3.9778796671e-05
  1.0000000000e+01   2.2624621793e+03   8.3992795484e+02   3.3129587395e-05
  1.0590000000e+01   2.6705526073e+03   1.0362424191e+03   2.6285317599e-05
  1.1220000000e+01   2.0182997122e+03   1.1986455259e+03   1.9321916072e-05
  1.1890000000e+01   1.4846940918e+03   1.1378459211e+03   1.1688343184e-05
  1.2590000000e+01   1.2893252307e+03   1.0187998185e+03   2.5386932714e-05
  1.3340000000e+01   1.1998178871e+03   9.2714827215e+02   4.1466683192e-05
  1.4130000000e+01   1.0962990995e+03   8.5757440215e+02   3.2519285653e-05
  1.4960000000e+01   1.0673274699e+03   7.8939966005e+02   2.4613873533e-05
  1.5850000000e+01   1.0783421460e+03   7.4299613218e+02   1.8827281609e-05
  1.6790000000e+01   1.1074491583e+03   7.1851409103e+02   1.4200225474e-05
  1.7780000000e+01   1.1269340106e+03   7.0859555405e+02   1.0462890573e-05
  1.8840000000e+01   1.1138794997e+03   7.0701043276e+02   7.3993153344e-06
  1.9950000000e+01   1.0545255448e+03   7.0057159318e+02   4.6511100321e-06
  2.1130000000e+01   9.7499837421e+02   6.7867464233e+02   2.4381655348e-06
  2.2390000000e+01   9.1578304312e+02   6.6318354859e+02   6.8265046865e-07
  2.3710000000e+01   8.5017202395e+02   6.3357123169e+02  -8.1586250604e-07
  2.5120000000e+01   7.9679388574e+02   6.1231666358e+02  -2.5303713714e-06
  2.6610000000e+01   7.4490051863e+02   5.8105849470e+02  -3.6829771305e-06
  2.8180000000e+01   6.9452965244e+02   5.5470731841e+02  -4.4456403138e-06
  2.9850000000e+01   6.5431716176e+02   5.2677747917e+02  -4.9120636485e-06
  3.1620000000e+01   6.0620176984e+02   4.9936436141e+02  -5.1160151832e-06
  3.3500000000e+01   5.7247504131e+02   4.7757210594e+02  -5.0405774475e-06
  3.5480000000e+01   5.2746401954e+02   4.4932074269e+02  -4.7049135213e-06
  3.7580000000e+01   4.9741206827e+02   4.3084091408e+02  -4.2052883043e-06
  3.9810000000e+01   4.5481384311e+02   4.0194363129e+02  -3.5582432315e-06
  4.2170000000e+01   4.2645002337e+02   3.8406190131e+02  -2.8244025770e-06
  4.4670000000e+01   3.8698752028e+02   3.5350829015e+02  -1.8405752700e-06
  4.7320000000e+01   3.5897657706e+02   3.3380302621e+02  -3.2916700923e-07
  5.0120000000e+01   3.2436438842e+02   2.9874072773e+02   1.5199705660e-06
  5.3090000000e+01   2.9646529236e+02   2.7107707650e+02   3.4211289285e-06
  5.6230000000e+01   2.6826104920e+02   2.3285979192e+02   5.0822498567e-06
  5.9570000000e+01   2.4300127170e+02   2.0370199749e+02   6.4770568743e-06
  6.3100000000e+01   2.1612476280e+02   1.6385665056e+02   7.2651029708e-06
  6.6830000000e+01   1.9121331709e+02   1.3292075469e+02   7.9749889589e-06
  7.0790000000e+01   1.6673772261e+02   9.9897617761e+01   7.7337643472e-06
  7.4990000000e+01   1.4421421832e+02   7.3900641734e+01   7.8823916192e-06
  7.9430000000e+01   1.2498619093e+02   5.6559412150e+01   7.2237169644e-06
  8.4140000000e+01   1.0857834441e+02   4.3722735178e+01   6.9478024803e-06
  8.9130000000e+01   9.4774017977e+01   3.3903036431e+01   5.9403571353e-06
  9.4410000000e+01   8.3254530240e+01   2.6344585737e+01   5.3984089246e-06
  1.0000000000e+02   7.3778581984e+01   2.0505314182e+01   4.4684271071e-06
  1.0590000000e+02   6.5970019094e+01   1.5989030704e+01   3.8781511631e-06
  1.1220000000e+02   5.9303199458e+01   1.2483526995e+01   2.9585021075e-06
  1.1890000000e+02   5.3274044088e+01   9.7600018348e+00   2.3633448191e-06
  1.2590000000e+02   4.7311930110e+01   7.6374542880e+00   1.6380513668e-06
  1.3340000000e+02   3.9874792535e+01   5.9582897054e+00   1.1917233962e-06
  1.4130000000e+02   2.9833518400e+01   4.6684230570e+00   6.8931548838e-07
  1.4960000000e+02   2.2995938269e+01   3.6629248101e+00   3.9112750702e-07
  1.5850000000e+02   1.9349569032e+01   2.8763664218e+00   7.4596871481e-08
  1.6790000000e+02   1.6738729759e+01   2.2631082072e+00  -1.1191006715e-07
  1.7780000000e+02   1.4639707488e+01   1.7828714921e+00  -3.0930821067e-07
  1.8840000000e+02   1.2873180486e+01   1.4059556132e+00  -4.2830568098e-07
  1.9950000000e+02   1.1358751693e+01   1.1095554515e+00  -5.4936552212e-07
  2.1130000000e+02   1.0045775219e+01   8.7642647990e-01  -6.2331282396e-07
  2.2390000000e+02   8.8997990637e+00   6.9259156520e-01  -6.9338746331e-07
  2.3710000000e+02   7.8961610468e+00   5.4769893165e-01  -7.3821774866e-07
  2.5120000000e+02   7.0140327335e+00   4.3329844790e-01  -7.7377959264e-07
  2.6610000000e+02   6.2365455910e+00   3.4293239983e-01  -7.9863145613e-07
  2.8180000000e+02   5.5505256783e+00   2.7152383420e-01  -8.1089931469e-07
  2.9850000000e+02   4.9446621249e+00   2.1506659275e-01  -8.2274807475e-07
  3.1620000000e+02   4.4093207990e+00   1.7039951214e-01  -8.1868011186e-07
  3.3500000000e+02   3.9357342751e+00   1.3504000272e-01  -8.2159563180e-07
  3.5480000000e+02   3.5162916774e+00   1.0704080176e-01  -8.0685245296e-07
  3.7580000000e+02   3.1437583668e+00   8.4880370300e-02  -8.0385565816e-07
  3.9810000000e+02   2.8132119594e+00   6.7313337542e-02  -7.8181621727e-07
  4.2170000000e+02   2.5195718120e+00   5.3394450163e-02  -7.7447795278e-07
  4.4670000000e+02   2.2588208762e+00   4.2356250577e-02  -7.4768354762e-07
  4.7320000000e+02   2.0271150634e+00   3.3605706887e-02  -7.3747351737e-07
  5.0120000000e+02   1.8211626131e+00   2.6667262360e-02  -7.0847780509e-07
  5.3090000000e+02   1.6379899129e+00   2.1162566589e-02  -6.9613868100e-07
  5.6230000000e+02   1.4751402610e+00   1.6796132997e-02  -6.6557806908e-07
  5.9570000000e+02   1.3301118990e+00   1.3332413468e-02  -6.5223122609e-07
  6.3100000000e+02   1.2010828452e+00   1.0583167563e-02  -6.2156385003e-07
  6.6830000000e+02   1.0861249299e+00   8.4018735429e-03  -6.0776245949e-07
  7.0790000000e+02   9.8377169462e-01   6.6700633924e-03  -5.7698212110e-07
  7.4990000000e+02   8.9252520849e-01   5.2960595422e-03  -5.6287526429e-07
  7.9430000000e+02   8.1121429629e-01   4.2051340335e-03  -5.3305341605e-07
  8.4140000000e+02   7.3871723953e-01   3.3390698788e-03  -5.1903037881e-07
  8.9130000000e+02   6.7405487678e-01   2.6513668480e-03  -4.8997888870e-07
  9.4410000000e+02   6.1633457652e-01   2.1055359430e-03  -4.7652864907e-07
  1.0000000000e+03   5.6484470402e-01   1.6720004764e-03  -4.4887372904e-07
