! Produced on 2013-11-01 00:52:23.414571
! Based on data files downloaded from the homepage of Draine:
! http://www.astro.princeton.edu/~draine/dust/dust.diel.html
! 
! Local input files:
! SiC: /Users/fdu/Dropbox/work/protoplanetary_disk/inp/SiC_81
! silicate: /Users/fdu/Dropbox/work/protoplanetary_disk/inp/suvSil_81
! graphite: /Users/fdu/Dropbox/work/protoplanetary_disk/inp/Gra_81
! 
! Averaged over a power law distribution of grain size:
! rmin = 5.000e-02, rmax = 1.000e+01, index = -3.500
! 
! Then averaged over a few dust species based on the following weights:
! SiC: 3.000e-01 silicate: 6.000e-01 graphite: 1.000e-01 
! 
! iformat =      3
! nrows =    201
! 
! lambda             absor              scatter            g                 
! micron             cm2 g-1            cm2 g-1                              
  1.0000000000e-02   4.7338606777e+03   5.0642280444e+03   9.9660204869e-01
  1.0590000000e-02   4.8209382666e+03   4.8857503422e+03   9.9611301549e-01
  1.1220000000e-02   4.3892286916e+03   4.9201267797e+03   9.9616549012e-01
  1.1890000000e-02   4.4386228196e+03   5.3112245139e+03   9.9551322199e-01
  1.2590000000e-02   4.4936889276e+03   5.4145756917e+03   9.9485606836e-01
  1.3340000000e-02   4.5288672725e+03   5.4809016299e+03   9.9429645376e-01
  1.4130000000e-02   4.5488892941e+03   5.5766993670e+03   9.9344866588e-01
  1.4960000000e-02   4.5849321012e+03   5.6105606400e+03   9.9240501886e-01
  1.5850000000e-02   4.6167754045e+03   5.6255627984e+03   9.9108848391e-01
  1.6790000000e-02   4.6446143052e+03   5.6298766453e+03   9.8986288384e-01
  1.7780000000e-02   4.6705850813e+03   5.6228642996e+03   9.8846213125e-01
  1.8840000000e-02   4.7012414350e+03   5.5858887675e+03   9.8689390381e-01
  1.9950000000e-02   4.6854266759e+03   5.6240618699e+03   9.8508272882e-01
  2.1130000000e-02   4.6914107063e+03   5.6487060368e+03   9.8258866151e-01
  2.2390000000e-02   4.6997170930e+03   5.6563964164e+03   9.8007552648e-01
  2.3710000000e-02   4.6954582648e+03   5.6815102891e+03   9.7710846099e-01
  2.5120000000e-02   4.7002853896e+03   5.7011327601e+03   9.7364976532e-01
  2.6610000000e-02   4.7055968185e+03   5.7176467835e+03   9.6996898354e-01
  2.8180000000e-02   4.7099501970e+03   5.7361717308e+03   9.6586086409e-01
  2.9850000000e-02   4.7141360095e+03   5.7575652409e+03   9.6138120882e-01
  3.1620000000e-02   4.7177180039e+03   5.7833659780e+03   9.5657494282e-01
  3.3500000000e-02   4.7206983398e+03   5.8123589571e+03   9.5150685980e-01
  3.5480000000e-02   4.7243103582e+03   5.8444727152e+03   9.4597756273e-01
  3.7580000000e-02   4.7224681803e+03   5.8806815993e+03   9.4050309730e-01
  3.9810000000e-02   4.7004719727e+03   5.9484545953e+03   9.3309993246e-01
  4.2170000000e-02   4.6757515005e+03   6.0246903955e+03   9.2436347722e-01
  4.4670000000e-02   4.6583717755e+03   6.1005778939e+03   9.1495594648e-01
  4.7320000000e-02   4.6355564375e+03   6.1875812248e+03   9.0481165232e-01
  5.0120000000e-02   4.6030475096e+03   6.2939697886e+03   8.9315343814e-01
  5.3090000000e-02   4.5494455569e+03   6.4359140894e+03   8.7963988544e-01
  5.6230000000e-02   4.4665186765e+03   6.6313718656e+03   8.6220438138e-01
  5.9570000000e-02   4.2605450362e+03   7.0405951343e+03   8.2843550227e-01
  6.3100000000e-02   4.3074769820e+03   7.2651736765e+03   8.0470627899e-01
  6.6830000000e-02   4.4742735269e+03   7.3140104264e+03   7.9709066975e-01
  7.0790000000e-02   4.6386253272e+03   7.3317528572e+03   7.9255627484e-01
  7.4990000000e-02   4.7838316362e+03   7.3494275021e+03   7.8828052157e-01
  7.9430000000e-02   4.9278610801e+03   7.3421814627e+03   7.8527872190e-01
  8.4140000000e-02   5.0438614084e+03   7.3355927093e+03   7.8258371410e-01
  8.9130000000e-02   5.1104114802e+03   7.3788078223e+03   7.7635168885e-01
  9.4410000000e-02   5.1602777488e+03   7.5343076582e+03   7.6338204241e-01
  1.0000000000e-01   5.2524703909e+03   7.5986119638e+03   7.5581769432e-01
  1.0590000000e-01   5.3505353911e+03   7.6691212183e+03   7.4977498677e-01
  1.1220000000e-01   5.4601613690e+03   7.7088037904e+03   7.4539805528e-01
  1.1890000000e-01   5.5884640458e+03   7.6804876179e+03   7.4135605846e-01
  1.2590000000e-01   5.6984725869e+03   7.6474574434e+03   7.3553793483e-01
  1.3340000000e-01   5.7596692764e+03   7.6680416105e+03   7.2563625361e-01
  1.4130000000e-01   5.7754113459e+03   7.6873512877e+03   7.1026375990e-01
  1.4960000000e-01   5.7632542830e+03   7.7332962610e+03   6.8973287230e-01
  1.5850000000e-01   5.7114510561e+03   7.8562195729e+03   6.6350156593e-01
  1.6790000000e-01   5.6035554257e+03   8.1317797777e+03   6.3315750166e-01
  1.7780000000e-01   5.3474060100e+03   8.6203567932e+03   6.0051151565e-01
  1.8840000000e-01   4.9976761615e+03   9.1752628121e+03   5.7477145335e-01
  1.9950000000e-01   4.6615240703e+03   9.7223530287e+03   5.6265178358e-01
  2.1130000000e-01   4.4131709066e+03   1.0117373759e+04   5.5723387588e-01
  2.2390000000e-01   4.2436527050e+03   1.0175934326e+04   5.3993613555e-01
  2.3710000000e-01   4.1492506782e+03   1.0123336344e+04   5.1691670275e-01
  2.5120000000e-01   4.0154223222e+03   1.0104833735e+04   4.8888253656e-01
  2.6610000000e-01   3.6573682008e+03   1.0361360172e+04   4.4846611281e-01
  2.8180000000e-01   3.2724628993e+03   1.0694943926e+04   4.0777795523e-01
  2.9850000000e-01   2.9636804104e+03   1.1135673962e+04   3.8617251606e-01
  3.1620000000e-01   2.8270875078e+03   1.1355813106e+04   3.8064609986e-01
  3.3500000000e-01   2.6008968098e+03   1.1264026337e+04   3.7230943700e-01
  3.5480000000e-01   2.5087241406e+03   1.1065889789e+04   3.5783126290e-01
  3.7580000000e-01   2.3880837426e+03   1.0886932094e+04   3.4392135116e-01
  3.9810000000e-01   2.2699487229e+03   1.0571170959e+04   3.2142705482e-01
  4.2170000000e-01   2.2291587414e+03   1.0473135001e+04   3.0008196644e-01
  4.4670000000e-01   2.1680898769e+03   1.0028062429e+04   2.8015557082e-01
  4.7320000000e-01   2.1442897526e+03   9.8683985760e+03   2.5799064826e-01
  5.0120000000e-01   2.0931428447e+03   9.5659823938e+03   2.3877268951e-01
  5.3090000000e-01   2.0384504382e+03   9.1617389429e+03   2.1854734341e-01
  5.6230000000e-01   1.9804326971e+03   8.9780362492e+03   2.0120575421e-01
  5.9570000000e-01   1.9377820668e+03   8.5841598047e+03   1.8350382853e-01
  6.3100000000e-01   1.8919997458e+03   8.4551148064e+03   1.6798768256e-01
  6.6830000000e-01   1.8424174108e+03   8.0980784886e+03   1.5270244378e-01
  7.0790000000e-01   1.7890994561e+03   7.9477311506e+03   1.3926684276e-01
  7.4990000000e-01   1.7531528123e+03   7.6023061870e+03   1.2645975922e-01
  7.9430000000e-01   1.7041200278e+03   7.4604626850e+03   1.1495418728e-01
  8.4140000000e-01   1.6755705642e+03   7.1175687930e+03   1.0435072037e-01
  8.9130000000e-01   1.6271516238e+03   6.9772076424e+03   9.4617797952e-02
  9.4410000000e-01   1.5907562401e+03   6.6607139242e+03   8.5836831891e-02
  1.0000000000e+00   1.5476921108e+03   6.5176280069e+03   7.7697178194e-02
  1.0590000000e+00   1.5141883721e+03   6.2369128979e+03   7.0438781787e-02
  1.1220000000e+00   1.4771731831e+03   6.0895717510e+03   6.3720216482e-02
  1.1890000000e+00   1.4419402357e+03   5.8341073213e+03   5.7705320890e-02
  1.2590000000e+00   1.4151809125e+03   5.6850365144e+03   5.2133361797e-02
  1.3340000000e+00   1.3801544105e+03   5.4495224722e+03   4.7158780357e-02
  1.4130000000e+00   1.3613197382e+03   5.2994521900e+03   4.2580853135e-02
  1.4960000000e+00   1.3275477357e+03   5.0810226931e+03   3.8481209695e-02
  1.5850000000e+00   1.3108324047e+03   4.9317796272e+03   3.4701347864e-02
  1.6790000000e+00   1.2791650710e+03   4.7290762150e+03   3.1317553017e-02
  1.7780000000e+00   1.2613979123e+03   4.5817706690e+03   2.8224923142e-02
  1.8840000000e+00   1.2348800484e+03   4.3930043840e+03   2.5454979704e-02
  1.9950000000e+00   1.2150328407e+03   4.2468741554e+03   2.2913063763e-02
  2.1130000000e+00   1.1930832244e+03   4.0719025677e+03   2.0637407838e-02
  2.2390000000e+00   1.1704141491e+03   3.9296011728e+03   1.8564784134e-02
  2.3710000000e+00   1.1511425662e+03   3.7668422168e+03   1.6714925391e-02
  2.5120000000e+00   1.1258310753e+03   3.6304858421e+03   1.5020541236e-02
  2.6610000000e+00   1.1083653996e+03   3.4777841865e+03   1.3491708076e-02
  2.8180000000e+00   1.0828610382e+03   3.3463685409e+03   1.2115811345e-02
  2.9850000000e+00   1.0663872290e+03   3.2031623950e+03   1.0880216209e-02
  3.1620000000e+00   1.0404030435e+03   3.0775766155e+03   9.7594513048e-03
  3.3500000000e+00   1.0259847581e+03   2.9420011601e+03   8.7538803299e-03
  3.5480000000e+00   9.9958675854e+02   2.8219886396e+03   7.8438146466e-03
  3.7580000000e+00   9.8187577552e+02   2.6960120332e+03   7.0225817193e-03
  3.9810000000e+00   9.5544832128e+02   2.5804664386e+03   6.2819589652e-03
  4.2170000000e+00   9.3626163130e+02   2.4614068909e+03   5.6161361649e-03
  4.4670000000e+00   9.0981643706e+02   2.3490455629e+03   5.0124629097e-03
  4.7320000000e+00   8.8941407376e+02   2.2321475345e+03   4.4672384455e-03
  5.0120000000e+00   8.6783607300e+02   2.1183051983e+03   3.9752980961e-03
  5.3090000000e+00   8.4873109122e+02   2.0009976795e+03   3.5315028223e-03
  5.6230000000e+00   8.3331977472e+02   1.8784373748e+03   3.1314260905e-03
  5.9570000000e+00   8.2004743983e+02   1.7519412254e+03   2.7692251322e-03
  6.3100000000e+00   8.0611001257e+02   1.6168731631e+03   2.4520441298e-03
  6.6830000000e+00   7.8786495582e+02   1.4809231654e+03   2.1479064985e-03
  7.0790000000e+00   7.6446447258e+02   1.3224514276e+03   1.8717935375e-03
  7.4990000000e+00   7.8998397198e+02   1.0583741447e+03   1.6119421124e-03
  7.9430000000e+00   1.0103915046e+03   7.6218533073e+02   1.3682208776e-03
  8.4140000000e+00   1.3933125817e+03   7.3415652956e+02   1.1594843281e-03
  8.9130000000e+00   1.7476311897e+03   7.3312820561e+02   9.7008482766e-04
  9.4410000000e+00   2.1804729616e+03   7.6168656456e+02   7.9891918251e-04
  1.0000000000e+01   2.3792089427e+03   7.8969892974e+02   6.7028711693e-04
  1.0590000000e+01   2.7461553327e+03   1.0086735549e+03   5.3911626084e-04
  1.1220000000e+01   2.1212852970e+03   1.1863590940e+03   4.0767703026e-04
  1.1890000000e+01   1.5917324931e+03   1.1280619070e+03   2.5854316351e-04
  1.2590000000e+01   1.3878905013e+03   1.0091962766e+03   5.3945691029e-04
  1.3340000000e+01   1.2869980241e+03   9.1701155242e+02   9.4309322557e-04
  1.4130000000e+01   1.1701710131e+03   8.4388968183e+02   7.7603302036e-04
  1.4960000000e+01   1.1414425449e+03   7.6828701910e+02   6.0908993459e-04
  1.5850000000e+01   1.1598879411e+03   7.1890905832e+02   4.8641541790e-04
  1.6790000000e+01   1.1996403909e+03   6.9682508375e+02   3.9055583495e-04
  1.7780000000e+01   1.2284237486e+03   6.9357093801e+02   3.1484931910e-04
  1.8840000000e+01   1.2188170535e+03   7.0041184100e+02   2.5502933038e-04
  1.9950000000e+01   1.1549608862e+03   7.0098976082e+02   2.0634803158e-04
  2.1130000000e+01   1.0673082850e+03   6.8293061041e+02   1.6683053729e-04
  2.2390000000e+01   1.0006268748e+03   6.7052124703e+02   1.3384691344e-04
  2.3710000000e+01   9.2705890139e+02   6.4241899430e+02   1.0528373678e-04
  2.5120000000e+01   8.6660848918e+02   6.2252740339e+02   7.5858610520e-05
  2.6610000000e+01   8.0747717267e+02   5.9167250710e+02   5.3032510385e-05
  2.8180000000e+01   7.5015255465e+02   5.6567509383e+02   3.5171978006e-05
  2.9850000000e+01   7.0375281836e+02   5.3780400786e+02   2.1285327647e-05
  3.1620000000e+01   6.4943497115e+02   5.1023001604e+02   1.0938225191e-05
  3.3500000000e+01   6.1059144165e+02   4.8833483929e+02   3.9092394307e-06
  3.5480000000e+01   5.6058115449e+02   4.5957606296e+02   6.5935904357e-08
  3.7580000000e+01   5.2670609462e+02   4.4092583594e+02  -1.4680577832e-06
  3.9810000000e+01   4.8016733669e+02   4.1148754793e+02  -8.4018020202e-07
  4.2170000000e+01   4.4885673739e+02   3.9354834430e+02   1.1226659846e-06
  4.4670000000e+01   4.0620978724e+02   3.6240604575e+02   5.9521492696e-06
  4.7320000000e+01   3.7558394005e+02   3.4258429150e+02   1.6621421338e-05
  5.0120000000e+01   3.3815326242e+02   3.0672990441e+02   3.1379222881e-05
  5.3090000000e+01   3.0774034129e+02   2.7851273907e+02   4.7884428878e-05
  5.6230000000e+01   2.7706177286e+02   2.3917074449e+02   6.2740175938e-05
  5.9570000000e+01   2.4945795334e+02   2.0914942825e+02   7.5655422632e-05
  6.3100000000e+01   2.2017153744e+02   1.6786194242e+02   8.5650519134e-05
  6.6830000000e+01   1.9292632243e+02   1.3577672845e+02   9.2535625065e-05
  7.0790000000e+01   1.6614807075e+02   1.0148955605e+02   9.6423356535e-05
  7.4990000000e+01   1.4146643587e+02   7.4544790368e+01   9.7634790802e-05
  7.9430000000e+01   1.2035256631e+02   5.6667003832e+01   9.6471814766e-05
  8.4140000000e+01   1.0239679856e+02   4.3528757879e+01   9.2470936992e-05
  8.9130000000e+01   8.7462150039e+01   3.3560756859e+01   8.5357682018e-05
  9.4410000000e+01   7.5202158823e+01   2.5953591619e+01   7.7110022247e-05
  1.0000000000e+02   6.5225569211e+01   2.0121010112e+01   6.8738412791e-05
  1.0590000000e+02   5.7080641824e+01   1.5639080043e+01   5.9096592006e-05
  1.1220000000e+02   5.0285394453e+01   1.2177870280e+01   4.8523959101e-05
  1.1890000000e+02   4.4405184996e+01   9.5009684950e+00   3.7923104025e-05
  1.2590000000e+02   3.9011903707e+01   7.4248278896e+00   2.8130647057e-05
  1.3340000000e+02   3.3220323415e+01   5.7977808959e+00   1.9355020392e-05
  1.4130000000e+02   2.6365974331e+01   4.5415087360e+00   1.1710799130e-05
  1.4960000000e+02   2.1422807023e+01   3.5626793167e+00   5.3242370280e-06
  1.5850000000e+02   1.8338821696e+01   2.7978982582e+00   8.0883129138e-08
  1.6790000000e+02   1.5960226955e+01   2.2008983723e+00  -4.2608681557e-06
  1.7780000000e+02   1.3986595052e+01   1.7333010362e+00  -7.8676101229e-06
  1.8840000000e+02   1.2302530841e+01   1.3664385786e+00  -1.0889376246e-05
  1.9950000000e+02   1.0849364265e+01   1.0780509097e+00  -1.3393032696e-05
  2.1130000000e+02   9.5862575470e+00   8.5134592077e-01  -1.5449995716e-05
  2.2390000000e+02   8.4820779342e+00   6.7262258065e-01  -1.7157976319e-05
  2.3710000000e+02   7.5149092049e+00   5.3180056215e-01  -1.8537553525e-05
  2.5120000000e+02   6.6647252107e+00   4.2065056347e-01  -1.9654081920e-05
  2.6610000000e+02   5.9155814005e+00   3.3287213947e-01  -2.0517015137e-05
  2.8180000000e+02   5.2549524493e+00   2.6352668250e-01  -2.1192596859e-05
  2.9850000000e+02   4.6717696156e+00   2.0870891842e-01  -2.1679998077e-05
  3.1620000000e+02   4.1570599886e+00   1.6535020738e-01  -2.1910729262e-05
  3.3500000000e+02   3.7020872737e+00   1.3102105488e-01  -2.2112396590e-05
  3.5480000000e+02   3.2993949254e+00   1.0384598831e-01  -2.1859059677e-05
  3.7580000000e+02   2.9418849935e+00   8.2344236700e-02  -2.1864451234e-05
  3.9810000000e+02   2.6247182503e+00   6.5297592465e-02  -2.1365010410e-05
  4.2170000000e+02   2.3431874869e+00   5.1793693221e-02  -2.1225705379e-05
  4.4670000000e+02   2.0932816961e+00   4.1083270542e-02  -2.0562003023e-05
  4.7320000000e+02   1.8713300031e+00   3.2594675184e-02  -2.0325265717e-05
  5.0120000000e+02   1.6741572455e+00   2.5864138184e-02  -1.9576935425e-05
  5.3090000000e+02   1.4988766236e+00   2.0524230217e-02  -1.9267652454e-05
  5.6230000000e+02   1.3431250750e+00   1.6289141059e-02  -1.8458424801e-05
  5.9570000000e+02   1.2044795222e+00   1.2929655431e-02  -1.8111064374e-05
  6.3100000000e+02   1.0811813001e+00   1.0263340102e-02  -1.7286224638e-05
  6.6830000000e+02   9.7139247558e-01   8.1477812530e-03  -1.6918945922e-05
  7.0790000000e+02   8.7369228171e-01   6.4682160356e-03  -1.6081472682e-05
  7.4990000000e+02   7.8662557878e-01   5.1357122706e-03  -1.5700303710e-05
  7.9430000000e+02   7.0909614965e-01   4.0776597965e-03  -1.4882664684e-05
  8.4140000000e+02   6.4002735484e-01   3.2378906937e-03  -1.4499903145e-05
  8.9130000000e+02   5.7846496468e-01   2.5709658350e-03  -1.3698629901e-05
  9.4410000000e+02   5.2357592659e-01   2.0416833214e-03  -1.3329005838e-05
  1.0000000000e+03   4.7465619823e-01   1.6212557768e-03  -1.2563029404e-05
