       2
         130
  1.0000085326e-01   3.1594841000e+04   3.3466276000e+04
  1.1481959045e-01   3.3227503000e+04   3.3284709000e+04
  1.3183427426e-01   3.4948218000e+04   3.2865750000e+04
  1.5137034915e-01   3.5932227000e+04   3.3742860000e+04
  1.7380139416e-01   3.6648917000e+04   3.1141969000e+04
  1.9955631750e-01   2.7999862000e+04   5.3833897000e+04
  2.2912783102e-01   2.1623228000e+04   6.9666076000e+04
  2.6308245798e-01   2.2301781000e+04   7.4529858000e+04
  3.0206769227e-01   2.0730314000e+04   5.7556111000e+04
  3.4682999246e-01   2.0783983000e+04   5.2487775000e+04
  3.9822547169e-01   2.0361977000e+04   4.0349776000e+04
  4.5723705348e-01   1.9424965000e+04   2.9674151000e+04
  5.2499333760e-01   1.9059016000e+04   2.3350138000e+04
  6.0279019257e-01   1.8128244000e+04   1.7856275000e+04
  6.9211533822e-01   1.5707986000e+04   1.2517157000e+04
  7.9467743051e-01   1.2647497000e+04   8.0299155000e+03
  9.1243773399e-01   9.7366765000e+03   4.8330276000e+03
  1.0476484384e+00   7.4693128000e+03   2.8317383000e+03
  1.2029002663e+00   5.7041799000e+03   1.6357559000e+03
  1.3811539975e+00   4.4323819000e+03   9.3987554000e+02
  1.5858217096e+00   3.5147903000e+03   5.3870327000e+02
  1.8208194379e+00   2.8321973000e+03   3.1137740000e+02
  2.0906393626e+00   2.2971884000e+03   1.8041393000e+02
  2.4004443736e+00   1.8652919000e+03   1.0444585000e+02
  2.7561572244e+00   1.5175366000e+03   6.0369161000e+01
  3.1645815723e+00   1.2512952000e+03   3.4857923000e+01
  3.6335291061e+00   1.0250259000e+03   1.9953955000e+01
  4.1719762779e+00   8.7976263000e+02   1.1457409000e+01
  4.7902060352e+00   7.5257226000e+02   6.5624089000e+00
  5.5000494063e+00   6.5316813000e+02   3.6980342000e+00
  5.6381629733e+00   6.4368419000e+02   3.3368663000e+00
  5.7797456270e+00   6.3595318000e+02   2.9998262000e+00
  5.9248938166e+00   6.3155593000e+02   2.7070441000e+00
  6.0736760299e+00   6.2832250000e+02   2.4351240000e+00
  6.2261947045e+00   6.2510817000e+02   2.1965449000e+00
  6.3825418399e+00   6.1930573000e+02   1.9815142000e+00
  6.5428168736e+00   6.1224205000e+02   1.7865778000e+00
  6.7071280129e+00   6.0481869000e+02   1.6089667000e+00
  6.8755543354e+00   5.9702165000e+02   1.4469107000e+00
  7.0482087507e+00   5.8991763000e+02   1.2985508000e+00
  7.2251977761e+00   5.8724809000e+02   1.1624403000e+00
  7.4066336250e+00   5.9845002000e+02   1.0373278000e+00
  7.5926388047e+00   6.4274198000e+02   9.2522549000e-01
  7.7832994439e+00   7.4041149000e+02   8.2913926000e-01
  7.9787484760e+00   9.0367683000e+02   7.5362248000e-01
  8.1791061414e+00   1.1355562000e+03   7.0208842000e-01
  8.3844943363e+00   1.3774507000e+03   6.6829828000e-01
  8.5950584338e+00   1.5712113000e+03   6.3869925000e-01
  8.8108896283e+00   1.8170771000e+03   6.2357024000e-01
  9.0321431875e+00   2.1349560000e+03   6.3350860000e-01
  9.2589519764e+00   2.4066549000e+03   6.5571615000e-01
  9.4914583591e+00   2.4838447000e+03   6.5827377000e-01
  9.7298189780e+00   2.3794723000e+03   6.2767507000e-01
  9.9741509947e+00   2.2443238000e+03   5.8561274000e-01
  1.0224614930e+01   2.1247604000e+03   5.4948538000e-01
  1.0481366891e+01   1.9518478000e+03   5.1090571000e-01
  1.0744571597e+01   1.7420540000e+03   4.6098484000e-01
  1.1014403514e+01   1.5672847000e+03   4.1350856000e-01
  1.1290988600e+01   1.4151143000e+03   3.7133545000e-01
  1.1574520203e+01   1.2821565000e+03   3.3304018000e-01
  1.1865172863e+01   1.1602272000e+03   2.9898208000e-01
  1.2163120475e+01   1.0382164000e+03   2.6597580000e-01
  1.2468576484e+01   9.4001862000e+02   2.3682006000e-01
  1.2781683021e+01   8.4641548000e+02   2.1004713000e-01
  1.3102645420e+01   7.6574866000e+02   1.8558317000e-01
  1.3431676076e+01   6.9773296000e+02   1.6372793000e-01
  1.3768963021e+01   6.4236720000e+02   1.4332571000e-01
  1.4114741802e+01   6.1697241000e+02   1.2536306000e-01
  1.4469187914e+01   6.2263112000e+02   1.1039976000e-01
  1.4832524220e+01   6.4700374000e+02   9.8518188000e-02
  1.5204994038e+01   6.7675111000e+02   8.8766003000e-02
  1.5586808071e+01   7.1222726000e+02   8.0656527000e-02
  1.5978244843e+01   7.5193045000e+02   7.4038232000e-02
  1.6379479023e+01   7.9133731000e+02   6.8501617000e-02
  1.6790787462e+01   8.2917715000e+02   6.3945901000e-02
  1.7212437016e+01   8.6000226000e+02   5.9993968000e-02
  1.7644658825e+01   8.8433265000e+02   5.6700470000e-02
  1.8087779099e+01   8.9455749000e+02   5.3559283000e-02
  1.8541990067e+01   8.8948531000e+02   5.0617773000e-02
  1.9007601837e+01   8.6744196000e+02   4.7529707000e-02
  1.9484908111e+01   8.3321961000e+02   4.4252895000e-02
  1.9974192667e+01   7.9157084000e+02   4.0934358000e-02
  2.0475822690e+01   7.4953173000e+02   3.7462786000e-02
  2.0989989106e+01   7.1315164000e+02   3.4359990000e-02
  2.1517075068e+01   6.7767499000e+02   3.1434634000e-02
  2.2057397618e+01   6.4458847000e+02   2.8744613000e-02
  2.2611289336e+01   6.0898760000e+02   2.6198400000e-02
  2.3179136242e+01   5.7874272000e+02   2.3837886000e-02
  2.3761200898e+01   5.5162995000e+02   2.1709945000e-02
  2.4357884499e+01   5.2615282000e+02   1.9759969000e-02
  2.4969533404e+01   5.0091737000e+02   1.8017325000e-02
  2.5596552831e+01   4.7628137000e+02   1.6378861000e-02
  2.6239374055e+01   4.5331750000e+02   1.4883545000e-02
  2.6898264758e+01   4.3141152000e+02   1.3518190000e-02
  2.7573714911e+01   4.1082029000e+02   1.2284235000e-02
  2.8266147655e+01   3.9218088000e+02   1.1169521000e-02
  2.8975953413e+01   3.7424149000e+02   1.0155823000e-02
  2.9703625856e+01   3.5663597000e+02   9.2291085000e-03
  3.0449523465e+01   3.3972844000e+02   8.3836326000e-03
  3.1214152590e+01   3.2389643000e+02   7.6126400000e-03
  3.1997982518e+01   3.0934932000e+02   6.9133988000e-03
  3.2801496390e+01   2.9509705000e+02   6.2758565000e-03
  3.3625248284e+01   2.8109560000e+02   5.6946626000e-03
  3.4469624460e+01   2.6846088000e+02   5.1663609000e-03
  3.5335204095e+01   2.5731066000e+02   4.6880924000e-03
  3.6222519399e+01   2.4668684000e+02   4.2540559000e-03
  3.7132116869e+01   2.3603805000e+02   3.8614088000e-03
  3.8064625151e+01   2.2560924000e+02   3.5050037000e-03
  3.9020482885e+01   2.1562362000e+02   3.1821545000e-03
  4.0000338637e+01   2.0613078000e+02   2.8886417000e-03
  5.2718214232e+01   1.2334665000e+02   9.8042073000e-04
  6.9479665330e+01   7.4497999000e+01   3.3035453000e-04
  9.1570298466e+01   4.5873174000e+01   1.1099009000e-04
  1.2068453685e+02   2.8324610000e+01   3.7296796000e-05
  1.5905552069e+02   1.7082904000e+01   1.2485985000e-05
  2.0962631177e+02   1.0085041000e+01   4.1585597000e-06
  2.7627560244e+02   5.8507298000e+00   1.3884203000e-06
  3.6411585394e+02   3.5352843000e+00   4.6180359000e-07
  4.7988437985e+02   2.0412180000e+00   1.5349667000e-07
  6.3246086418e+02   1.1510322000e+00   5.0761709000e-08
  8.3354800376e+02   6.7419091000e-01   1.6839637000e-08
  1.0985698372e+03   3.8824187000e-01   5.5923041000e-09
  1.4478537756e+03   2.2353507000e-01   1.8545956000e-09
  1.9081898156e+03   1.2867084000e-01   6.1411733000e-10
  2.5148876032e+03   7.4046079000e-02   2.0302290000e-10
  3.3144814199e+03   4.2641275000e-02   1.0000000000e-10
  4.3683013335e+03   2.4555697000e-02   1.0000000000e-10
  5.7571773144e+03   1.4137355000e-02   1.0000000000e-10
  7.5876367005e+03   8.1371946000e-03   1.0000000000e-10
  1.0000081991e+04   4.6891330000e-03   1.0000000000e-10
