! Neufeld & Kaufman 1993ApJ, 418, 263
! Table 1
! For water, assuming ortho:para = 3:1

! T
            100   200   400   1000  2000  4000

! -log10(L0)
            24.35 23.87 23.42 22.88 22.50 22.14

! -log10(L_LTE)
10.0        14.59 13.85 13.16 12.32 11.86 11.64
11.0        14.59 13.86 13.16 12.32 11.86 11.64
12.0        14.60 13.86 13.16 12.32 11.86 11.64
13.0        14.68 13.88 13.17 12.32 11.86 11.64
14.0        14.98 14.05 13.25 12.34 11.87 11.65
15.0        15.53 14.46 13.53 12.49 11.97 11.72
16.0        16.22 15.05 14.02 12.87 12.35 12.06
17.0        17.00 15.74 14.63 13.46 12.97 12.66
18.0        17.83 16.50 15.32 14.16 13.69 13.36
19.0        18.70 17.31 16.07 14.94 14.46 14.13

! log10(n_1/2)
10.0         9.00  9.04  9.19  9.50  9.67  9.60
11.0         8.99  9.04  9.19  9.50  9.67  9.60
12.0         8.96  9.03  9.19  9.50  9.66  9.59
13.0         8.74  8.89  9.11  9.47  9.65  9.59
14.0         8.11  8.37  8.73  9.31  9.56  9.53
15.0         7.20  7.51  7.95  8.74  9.15  9.20
16.0         6.22  6.53  6.99  7.87  8.38  8.50
17.0         5.22  5.57  6.03  6.94  7.48  7.64
18.0         4.24  4.59  5.09  6.02  6.59  6.78
19.0         3.21  3.58  4.10  5.08  5.69  5.89

! alpha
10.0         0.43  0.42  0.39  0.36  0.34  0.34
11.0         0.43  0.42  0.39  0.36  0.34  0.34
12.0         0.42  0.41  0.39  0.36  0.34  0.34
13.0         0.41  0.39  0.37  0.35  0.33  0.33
14.0         0.42  0.38  0.34  0.33  0.32  0.32
15.0         0.45  0.38  0.34  0.32  0.30  0.30
16.0         0.47  0.40  0.35  0.32  0.29  0.30
17.0         0.50  0.42  0.36  0.32  0.28  0.29
18.0         0.52  0.44  0.37  0.31  0.27  0.28
19.0         0.53  0.45  0.39  0.31  0.27  0.27


! Neufeld et al. 1995ApJS, 100, 132
! Table 1, for ortho-H2O

! T
            10    20    30    50    80    100

! -log10(L0)
            26.81 25.88 25.43 24.96 24.58 24.41

! -log10(L_LTE)
10.0        17.94 16.71 16.08 15.41 14.85 14.60
11.0        17.96 16.72 16.09 15.42 14.86 14.60
12.0        18.14 16.86 16.19 15.47 14.88 14.62
13.0        18.77 17.36 16.58 15.72 15.02 14.73
14.0        19.70 18.11 17.25 16.27 15.47 15.11
15.0        20.67 18.93 18.05 17.01 16.12 15.72
16.0        21.58 19.81 18.91 17.82 16.88 16.45
17.0        22.53 20.71 19.80 18.69 17.70 17.25
18.0        23.50 21.64 20.72 19.58 18.56 18.10
19.0        24.41 22.58 21.65 20.49 19.46 18.99

! log10(n_1/2)
10.0         8.81  8.90  9.03  9.14  9.19  9.20
11.0         8.79  8.88  9.01  9.13  9.20  9.20
12.0         8.60  8.73  8.88  9.03  9.13  9.15
13.0         7.96  8.14  8.31  8.55  8.78  8.85
14.0         7.01  7.21  7.40  7.69  8.00  8.11
15.0         6.02  6.20  6.41  6.71  7.04  7.17
16.0         5.03  5.21  5.42  5.70  6.06  6.19
17.0         4.02  4.21  4.41  4.71  5.05  5.19
18.0         3.02  3.22  3.41  3.71  4.06  4.20
19.0         2.03  2.21  2.42  2.70  3.06  3.20

! alpha
10.0         0.71  0.49  0.48  0.46  0.45  0.45
11.0         0.64  0.49  0.48  0.45  0.45  0.45
12.0         0.57  0.50  0.47  0.45  0.44  0.44
13.0         0.56  0.53  0.48  0.44  0.42  0.41
14.0         0.59  0.60  0.53  0.47  0.45  0.43
15.0         0.72  0.64  0.58  0.52  0.49  0.47
16.0         0.85  0.68  0.61  0.56  0.52  0.50
17.0         0.86  0.70  0.63  0.58  0.55  0.53
18.0         0.93  0.72  0.66  0.61  0.57  0.55
19.0         0.87  0.73  0.67  0.62  0.59  0.56


! Neufeld et al. 1995ApJS, 100, 132
! Table 2, for para-H2O

! T
            10    20    30    50    80    100

! -log10(L0)
            27.01 25.73 25.24 24.75 24.38 24.22

! -log10(L_LTE)
10.0        17.72 16.60 16.12 15.43 14.86 14.60
11.0        17.76 16.63 16.13 15.43 14.86 14.60
12.0        18.07 16.85 16.24 15.48 14.88 14.62
13.0        18.83 17.41 16.61 15.72 15.03 14.73
14.0        19.68 18.11 17.26 16.28 15.47 15.11
15.0        20.50 18.94 18.06 17.01 16.12 15.72
16.0        21.37 19.83 18.93 17.82 16.87 16.45
17.0        22.28 20.75 19.81 18.69 17.70 17.25
18.0        23.22 21.69 20.73 19.58 18.56 18.10
19.0        24.19 22.60 21.65 20.49 19.45 18.99

! log10(n_1/2)
10.0         9.30  9.11  8.94  8.70  8.55  8.50
11.0         9.25  9.06  8.91  8.69  8.54  8.49
12.0         8.94  8.82  8.71  8.56  8.46  8.43
13.0         8.17  8.16  8.16  8.12  8.10  8.11
14.0         7.21  7.24  7.28  7.30  7.32  7.35
15.0         6.20  6.24  6.31  6.33  6.35  6.38
16.0         5.21  5.25  5.30  5.32  5.35  5.39
17.0         4.22  4.26  4.31  4.33  4.36  4.40
18.0         3.23  3.24  3.31  3.33  3.37  3.41
19.0         2.21  2.25  2.30  2.32  2.37  2.41

! alpha
10.0         0.49  0.72  0.69  0.53  0.46  0.44
11.0         0.52  0.65  0.66  0.53  0.46  0.44
12.0         0.49  0.65  0.63  0.51  0.45  0.43
13.0         0.57  0.73  0.65  0.49  0.43  0.41
14.0         0.75  0.68  0.64  0.52  0.45  0.42
15.0         0.76  0.70  0.68  0.55  0.47  0.43
16.0         0.79  0.73  0.69  0.58  0.48  0.44
17.0         0.80  0.75  0.71  0.58  0.50  0.46
18.0         0.82  0.77  0.73  0.60  0.52  0.48
19.0         0.91  0.80  0.74  0.62  0.53  0.50




! Table 5
! T
            100   200   400   1000  2000  4000

13.0        10.98 11.05 11.07 10.88 10.67 10.67
14.0        10.99 11.05 11.07 10.88 10.67 10.67
15.0        11.06 11.09 11.09 10.88 10.67 10.67
16.0        11.36 11.31 11.23 10.93 10.69 10.68
17.0        11.91 11.82 11.65 11.15 10.79 10.72
18.0        12.59 12.50 12.28 11.61 11.11 10.90
19.0        13.29 13.20 12.99 12.25 11.65 11.30
20.0        13.90 13.90 13.76 13.01 12.34 11.88
