The continuum subtraced TW Hya LH spectra from AOR 24402944
continuum fitting routine: fit_irs_spline_new.pro
To rebuild the full spectrum, please use continuum + continuum subracted
wavelength(um)   continuum(Jy)     continuum subtracted spectrum(Jy)
      20.0076       2.3561035    0.0035864970
      20.0226       2.3543501       0.0000000
      20.0376       2.3528439     0.023325989
      20.0526       2.3515528     0.013747140
      20.0675       2.3504738   -0.0024337061
      20.0825       2.3496033     0.037196792
      20.0974       2.3489861    0.0093439182
      20.1123       2.3486738     0.062906319
      20.1272       2.3487553     0.017124684
      20.1421       2.3493600     0.011940028
      20.1570       2.3506701       0.0000000
      20.1719       2.3528398     0.015220341
      20.1867       2.3556868     0.015283180
      20.2015       2.3590357     0.018524165
      20.2163       2.3627506     0.024499343
      20.2311       2.3667325     0.013257608
      20.2459       2.3709077     0.015802278
      20.2607       2.3752239     0.010956052
      20.2755       2.3796409     0.019109189
      20.2902       2.3841000    -0.010740033
      20.3049       2.3886091     0.010410871
      20.3196       2.3931519     0.049187969
      20.3343       2.3977155  -0.00081552733
      20.3490       2.4022893     0.024970594
      20.3637       2.4068623     0.012627773
      20.3783       2.4113937     0.010296280
      20.3930       2.4159352     0.010024815
      20.4076       2.4204121     0.010917841
      20.4222       2.4248383    0.0033617223
      20.4368       2.4291938    0.0022262982
      20.4514       2.4334500     0.016050082
      20.4660       2.4375686     0.016531257
      20.4805       2.4414732     0.015446699
      20.4951       2.4451486    0.0059813453
      20.5096       2.4484507    0.0062091972
      20.5241       2.4512801       0.0000000
      20.5386       2.4535316     0.017228493
      20.5531       2.4553098    0.0076902203
      20.5675       2.4567320  -0.00046199991
      20.5820       2.4579101   -0.0026200470
      20.5965       2.4589009    0.0020489547
      20.6109       2.4597491    0.0053408915
      20.6253       2.4604981    0.0063820203
      20.6397       2.4611745     0.015925349
      20.6541       2.4617983     0.029011661
      20.6685       2.4623839    0.0078261354
      20.6828       2.4629389    0.0061310719
      20.6972       2.4634795     0.014180461
      20.7037       2.4637193     0.020070625
      20.7199       2.4643105    0.0088795424
      20.7360       2.4648947     0.014305232
      20.7521       2.4654826   -0.0085726840
      20.7682       2.4660819   -0.0079320276
      20.7843       2.4667017    -0.019391757
      20.8003       2.4673492    -0.027589267
      20.8164       2.4680476   -0.0096275812
      20.8324       2.4688087     0.017171358
      20.8484       2.4696650     0.036584903
      20.8644       2.4706560     0.019504016
      20.8804       2.4718367   0.00045332387
      20.8964       2.4732851     0.018144940
      20.9123       2.4750970     0.020383018
      20.9282       2.4774310     0.013378967
      20.9442       2.4805200       0.0000000
      20.9601       2.4845007   -0.0020406872
      20.9759       2.4891474    0.0046225023
      20.9918       2.4942664    0.0043636829
      21.0076       2.4995946     0.020255393
      21.0235       2.5050262    0.0081638229
      21.0393       2.5103300       0.0000000
      21.0551       2.5154110    0.0050391465
      21.0709       2.5202985    0.0022914386
      21.0866       2.5250128    -0.013232826
      21.1024       2.5296492    -0.015559126
      21.1181       2.5341700   -0.0034300157
      21.1338       2.5386180  -5.8050082e-05
      21.1495       2.5429956     0.051774334
      21.1652       2.5472994     0.066560487
      21.1809       2.5515173     0.031862661
      21.1965       2.5556005     0.024959444
      21.2122       2.5595671     0.012822957
      21.2278       2.5633171    0.0057029747
      21.2434       2.5668048     0.021925276
      21.2590       2.5699301       0.0000000
      21.2746       2.5726071     0.017612892
      21.2901       2.5749099     0.041880148
      21.3057       2.5769696     0.011360453
      21.3212       2.5788323     0.019957609
      21.3367       2.5805644     0.036165542
      21.3522       2.5822031     0.032356817
      21.3677       2.5837760     0.027473969
      21.3832       2.5853027     0.013827182
      21.3986       2.5867891     0.032230901
      21.4141       2.5882659     0.027424141
      21.4295       2.5897231     0.023036974
      21.4449       2.5911787     0.016261314
      21.4603       2.5926406     0.045929445
      21.4757       2.5941176     0.037922394
      21.4911       2.5956200     0.015619876
      21.5064       2.5971507     0.017059224
      21.5217       2.5987364     0.029123640
      21.5371       2.6004111    -0.037271159
      21.5524       2.6021844     0.039535635
      21.5677       2.6041097     0.020580353
      21.5829       2.6062317   -0.0011616173
      21.5982       2.6086600       0.0000000
      21.6134       2.6114250    0.0053149496
      21.6287       2.6144649    0.0072651454
      21.6439       2.6176193     0.025890832
      21.6591       2.6208021     0.034677846
      21.6743       2.6239110     0.068199074
      21.6895       2.6268362     0.022833641
      21.7046       2.6294314    0.0058885088
      21.7198       2.6315701       0.0000000
      21.7349       2.6330897   -0.0011498600
      21.7500       2.6341185     0.044111516
      21.7608       2.6346307      0.11476924
      21.7779       2.6351626   -0.0014426803
      21.7950       2.6354492     0.052650935
      21.8121       2.6355716     0.051608405
      21.8291       2.6355893     0.064450812
      21.8461       2.6355475      0.13177237
      21.8632       2.6354824     0.022817492
      21.8802       2.6354282     0.022371727
      21.8971       2.6354192     0.011290710
      21.9141       2.6354958     0.013444276
      21.9311       2.6357104     0.043589681
      21.9480       2.6361301       0.0000000
      21.9649       2.6368152     0.013174873
      21.9818       2.6377119     0.020778002
      21.9987       2.6387571    0.0086828325
      22.0155       2.6399004   -0.0021404692
      22.0324       2.6411258    0.0037542298
      22.0492       2.6423992     0.011420850
      22.0660       2.6437153     0.024074646
      22.0828       2.6450674     0.052432627
      22.0995       2.6464450     0.018904946
      22.1163       2.6478669    0.0096431762
      22.1330       2.6493228     0.030047116
      22.1498       2.6508429     0.022507178
      22.1665       2.6524285     0.024141435
      22.1831       2.6541066     0.021043292
      22.1998       2.6559395     0.022310524
      22.2165       2.6579777     0.042782171
      22.2331       2.6602935     0.024316344
      22.2497       2.6630199       0.0000000
      22.2663       2.6662623     0.011197640
      22.2829       2.6699151     0.021614843
      22.2995       2.6738560   0.00066398233
      22.3160       2.6779739    0.0092660305
      22.3325       2.6822321     0.060997990
      22.3491       2.6866155     0.042764383
      22.3656       2.6910422     0.030327827
      22.3820       2.6954898     0.044750323
      22.3985       2.6999987   -0.0019386181
      22.4150       2.7045311     0.021978929
      22.4314       2.7090518     0.037708066
      22.4478       2.7135832     0.022286733
      22.4642       2.7181211     0.020468920
      22.4806       2.7226629    0.0048470299
      22.4970       2.7272049   -0.0063649293
      22.5133       2.7317173   -0.0095374570
      22.5297       2.7362522     0.017017673
      22.5460       2.7407512     0.020818777
      22.5623       2.7452371    0.0031628441
      22.5786       2.7497039    0.0013160656
      22.5949       2.7541430   -0.0041730455
      22.6111       2.7585155    0.0051544723
      22.6274       2.7628594     0.027850600
      22.6436       2.7670981    0.0092619350
      22.6598       2.7712253     0.014924681
      22.6760       2.7751960    0.0053539650
      22.6922       2.7789446   -0.0088046545
      22.7083       2.7823601       0.0000000
      22.7245       2.7854072     0.012492798
      22.7406       2.7881255     0.020424335
      22.7567       2.7906254    0.0035147034
      22.7728       2.7929707  -0.00019074441
      22.7889       2.7952069     0.014283055
      22.8050       2.7973667   0.00050320935
      22.8211       2.7994736     0.022506443
      22.8371       2.8015317     0.057768185
      22.8531       2.8035675     0.045542396
      22.8691       2.8055907     0.010799348
      22.8851       2.8076096     0.018100429
      22.9011       2.8096329     0.017727030
      22.9171       2.8116688     0.030441131
      22.9330       2.8137143     0.013155671
      22.9490       2.8158078   0.00046230575
      22.9649       2.8179400       0.0000000
      22.9753       2.8193705  -0.00018043056
      22.9934       2.8219121    0.0074979378
      23.0116       2.8245057     0.030394156
      23.0297       2.8270939     0.011305942
      23.0477       2.8296502    0.0021397942
      23.0658       2.8321722     0.044507691
      23.0839       2.8346092     0.041980826
      23.1019       2.8368984     0.010661525
      23.1199       2.8389845     0.075805420
      23.1379       2.8407679     0.014172009
      23.1558       2.8420983    0.0049316593
      23.1738       2.8427801       0.0000000
      23.1917       2.8426311     0.039829015
      23.2096       2.8418867      0.10759337
      23.2275       2.8408191     0.030370994
      23.2454       2.8396529     0.080607008
      23.2632       2.8386032     0.027956805
      23.2811       2.8378835     0.025156445
      23.2989       2.8377743    0.0038056152
      23.3167       2.8386300       0.0000000
      23.3344       2.8407451     0.010044948
      23.3522       2.8438727     0.013697266
      23.3699       2.8476642     0.016965809
      23.3877       2.8519454   -0.0034854423
      23.4054       2.8565210   -0.0069309639
      23.4231       2.8613127    0.0036372267
      23.4407       2.8662226     0.012577348
      23.4584       2.8712572    0.0092228072
      23.4760       2.8763253     0.020694810
      23.4936       2.8814303    0.0040596127
      23.5112       2.8865510     0.010718985
      23.5288       2.8916698     0.012660178
      23.5463       2.8967406     0.010829292
      23.5639       2.9017987     0.028601237
      23.5814       2.9067610     0.011728906
      23.5989       2.9116205     0.010549465
      23.6164       2.9163266    0.0056433151
      23.6339       2.9208074     0.044632630
      23.6513       2.9249369     0.021723142
      23.6688       2.9286130    0.0012371165
      23.6862       2.9315794    -0.019829287
      23.7036       2.9335499       0.0000000
      23.7210       2.9342540   0.00023598357
      23.7383       2.9339648   5.5265532e-05
      23.7557       2.9329859   -0.0023258606
      23.7730       2.9315381     0.010901956
      23.7903       2.9297614     0.030008524
      23.8076       2.9277541     0.060995849
      23.8249       2.9255827     0.057707233
      23.8421       2.9233046     0.018945382
      23.8594       2.9209210     0.026389015
      23.8766       2.9184736     0.041206445
      23.8938       2.9159533     0.067696704
      23.9110       2.9133542     0.049415760
      23.9282       2.9106593     0.011530663
      23.9454       2.9078391     0.041280966
      23.9625       2.9048651     0.012274889
      23.9796       2.9016521   -0.0076220064
      23.9967       2.8980999       0.0000000
      24.0138       2.8941218    0.0049181921
      24.0309       2.8898161     0.013643930
      24.0480       2.8852967     0.021763227
      24.0650       2.8806775     0.043492548
      24.0820       2.8759997     0.056050282
      24.0991       2.8712959     0.021534010
      24.1161       2.8666807   -0.0056307880
      24.1330       2.8622208     0.022799174
      24.1500       2.8579477     0.045182399
      24.1669       2.8540234     0.010316631
      24.1839       2.8505580     0.020652060
      24.2008       2.8478100   4.4408921e-16
      24.2177       2.8459446     0.017745317
      24.2346       2.8447786    0.0087015439
      24.2514       2.8441031     0.014026928
      24.2683       2.8437625     0.014277639
      24.2851       2.8436584     0.015011623
      24.3020       2.8437172     0.024302873
      24.3188       2.8438875     0.013372468
      24.3370       2.8441564     0.010933465
      24.3563       2.8445022     0.010567915
      24.3756       2.8448822    -0.012382174
      24.3948       2.8452713    -0.010461269
      24.4141       2.8456527    -0.016212623
      24.4333       2.8460001    0.0038298552
      24.4525       2.8462875    0.0092125240
      24.4716       2.8464763     0.015513673
      24.4908       2.8465142     0.010965853
      24.5099       2.8463213    0.0060587550
      24.5290       2.8457803     0.025699721
      24.5481       2.8447147   -0.0084048033
      24.5672       2.8428600       0.0000000
      24.5863       2.8399846   -0.0053245596
      24.6053       2.8363747     0.057465377
      24.6243       2.8323186     0.036651294
      24.6433       2.8280420     0.085048015
      24.6623       2.8237336     0.053166406
      24.6812       2.8195992   -0.0053091500
      24.7002       2.8158035    0.0095766291
      24.7191       2.8126518    0.0099780901
      24.7379       2.8104999       0.0000000
      24.7568       2.8096450    0.0048748533
      24.7757       2.8098052     0.014364897
      24.7945       2.8106381     0.011301881
      24.8133       2.8119203     0.011719805
      24.8321       2.8135037    0.0099163171
      24.8509       2.8152888     0.010721205
      24.8697       2.8172086    0.0030614217
      24.8884       2.8192081     0.066382016
      24.9071       2.8212676    -0.013877634
      24.9258       2.8233670   -0.0079571440
      24.9445       2.8254932     0.026106724
      24.9631       2.8276256     0.058904282
      24.9818       2.8297809     0.058159036
      25.0004       2.8319318     0.044208334
      25.0190       2.8340863     0.070493798
      25.0376       2.8362424      0.13146764
      25.0562       2.8383974      0.10704266
      25.0747       2.8405372      0.11558284
      25.0933       2.8426820      0.14420806
      25.1117       2.8447932     0.031136874
      25.1302       2.8468994     0.030190559
      25.1487       2.8489812     0.085748889
      25.1672       2.8510258      0.12529424
      25.1856       2.8530050     0.062904996
      25.2040       2.8549037     0.078846244
      25.2224       2.8566830      0.11474707
      25.2408       2.8582856     0.072624525
      25.2592       2.8596264      0.11212362
      25.2775       2.8605762     0.045953691
      25.2958       2.8609600       0.0000000
      25.3142       2.8606195    0.0056903918
      25.3325       2.8597578     0.013042335
      25.3507       2.8586144     0.021135579
      25.3690       2.8573643     0.038925764
      25.3872       2.8561916     0.016598498
      25.4054       2.8552703     0.016519584
      25.4236       2.8548196    0.0063605120
      25.4418       2.8551300       0.0000000
      25.4600       2.8564526  -0.00034249214
      25.4782       2.8585653   -0.0066952760
      25.4963       2.8611942    0.0075358329
      25.5144       2.8641759    0.0098041822
      25.5325       2.8673889     0.020101101
      25.5506       2.8707484    0.0058215928
      25.5687       2.8741902   -0.0083902986
      25.5867       2.8776437   -0.0055137504
      25.6047       2.8810820   -0.0056321064
      25.6228       2.8844758   -0.0037258527
      25.6408       2.8877293   -0.0039993750
      25.6587       2.8907700       0.0000000
      25.6767       2.8935664  -8.6342756e-05
      25.6946       2.8961412    0.0011687861
      25.7126       2.8985861     0.012873818
      25.7305       2.9009136   -0.0013035420
      25.7484       2.9031634     0.013956612
      25.7662       2.9053366    0.0044634038
      25.7841       2.9074623    -0.025942225
      25.8020       2.9095230    -0.015722973
      25.8198       2.9114937     0.013736348
      25.8328       2.9128695     0.019040513
      25.8534       2.9148990     0.026671088
      25.8740       2.9166629     0.034727162
      25.8946       2.9180200       0.0000000
      25.9152       2.9188408     0.016399271
      25.9358       2.9192569      0.10891321
      25.9563       2.9194113     0.041968693
      25.9768       2.9193977     0.075592456
      25.9973       2.9192741     0.066625846
      26.0178       2.9190774     0.031162536
      26.0382       2.9188314     0.048558651
      26.0587       2.9185466     0.051713302
      26.0791       2.9182312     0.037228890
      26.0994       2.9178849     0.037555161
      26.1198       2.9174973     0.030932729
      26.1401       2.9170579     0.016812129
      26.1605       2.9165375    0.0042223672
      26.1807       2.9159050    0.0052449734
      26.2010       2.9150901       0.0000000
      26.2212       2.9140542    0.0084556622
      26.2414       2.9129013     0.015888779
      26.2617       2.9117593     0.022270716
      26.2818       2.9107812     0.018018937
      26.3020       2.9101162    0.0044937475
      26.3222       2.9099953    0.0051846892
      26.3423       2.9107399       0.0000000
      26.3624       2.9126385    0.0038816089
      26.3825       2.9154151   -0.0044250962
      26.4025       2.9187461    -0.011226039
      26.4226       2.9224658    0.0071341702
      26.4425       2.9263885    -0.023988469
      26.4625       2.9304882    -0.019038262
      26.4825       2.9346908    -0.014630897
      26.5025       2.9389608    -0.034410687
      26.5224       2.9432529    -0.013882961
      26.5424       2.9475957   -0.0046156940
      26.5623       2.9519358     0.010314226
      26.5821       2.9562670     0.085122953
      26.6020       2.9606290    -0.013058950
      26.6218       2.9649763    -0.025096444
      26.6416       2.9693298     0.021870165
      26.6614       2.9736897    0.0018103677
      26.6812       2.9780576   -0.0080976359
      26.7009       2.9824139     0.086046052
      26.7207       2.9868083    0.0033617339
      26.7404       2.9912038    0.0018761298
      26.7601       2.9956337    0.0074163804
      26.7798       3.0001169     0.011693158
      26.7995       3.0046799  -4.4408921e-16
      26.8190       3.0093005    0.0039095392
      26.8386       3.0140240   -0.0091540841
      26.8583       3.0188242   -0.0050440787
      26.8778       3.0236103   -0.0066303281
      26.8974       3.0284431     0.014006810
      26.9170       3.0332907   -0.0069707070
      26.9365       3.0381230    0.0023468650
      26.9560       3.0429606    0.0056393652
      26.9754       3.0477772    -0.011297209
      26.9949       3.0526190     0.019401046
      27.0143       3.0574356     0.030434325
      27.0338       3.0622746     0.058955283
      27.0532       3.0670836     0.053296312
      27.0726       3.0718845     0.024325542
      27.0920       3.0766725     0.031307496
      27.1113       3.0814166     0.048623311
      27.1306       3.0861312      0.13532891
      27.1499       3.0908011     0.058128994
      27.1692       3.0954034     0.023046485
      27.1885       3.0999034   -0.0049534539
      27.2078       3.1042500       0.0000000
      27.2270       3.1083690    0.0025409801
      27.2462       3.1123003    0.0059197659
      27.2654       3.1160531     0.010646834
      27.2846       3.1196072     0.029732722
      27.3038       3.1229087     0.034451349
      27.3229       3.1258457     0.046344213
      27.3421       3.1282933     0.036016709
      27.3611       3.1299801  -4.4408921e-16
      27.3802       3.1307242     0.069255771
      27.3993       3.1307323      0.16278765
      27.4184       3.1302454     0.024454598
      27.4374       3.1294265     0.094693450
      27.4565       3.1283678      0.15064223
      27.4754       3.1271482     0.097491711
      27.4944       3.1257819    0.0095280308
      27.5134       3.1242835     0.037946466
      27.5331       3.1225759     0.050054152
      27.5553       3.1204100       0.0000000
      27.5774       3.1179427     0.042877356
      27.5996       3.1152491     0.064450811
      27.6217       3.1124576     0.071092313
      27.6438       3.1096354      0.16314453
      27.6658       3.1068671      0.17835276
      27.6879       3.1042084      0.21271167
      27.7099       3.1017913      0.19707878
      27.7319       3.0997623     0.071677541
      27.7538       3.0983717    -0.011661721
      27.7756       3.0979900       0.0000000
      27.7975       3.0989674     0.085102702
      27.8194       3.1009553     0.079154707
      27.8413       3.1035748      0.10039516
      27.8631       3.1065739     0.063436205
      27.8850       3.1098291     0.086840922
      27.9068       3.1132145     0.095835432
      27.9285       3.1166648     0.044935361
      27.9503       3.1201657     0.050804282
      27.9720       3.1236466     0.064333315
      27.9937       3.1270849      0.10166511
      28.0154       3.1304323     0.048387627
      28.0371       3.1336208     0.046319170
      28.0587       3.1365354     0.015464589
      28.0803       3.1390335    0.0029564133
      28.1019       3.1408688     0.020221113
      28.1233       3.1416500       0.0000000
      28.1449       3.1410362    0.0074237324
      28.1664       3.1393943     0.019185765
      28.1879       3.1371222     0.045807809
      28.2094       3.1344821      0.11037785
      28.2309       3.1316577     0.076132218
      28.2523       3.1288064     0.048293593
      28.2737       3.1260492     0.025210733
      28.2951       3.1235401     0.013029900
      28.3165       3.1214849   0.00028504235
      28.3378       3.1201899   4.4408921e-16
      28.3590       3.1199100     0.022340080
      28.3803       3.1203592     0.022410894
      28.4016       3.1212199     0.041640047
      28.4229       3.1222573      0.12753262
      28.4441       3.1232695     0.036140534
      28.4653       3.1240616  -0.00019174705
      28.4865       3.1243890    0.0089211102
      28.5077       3.1239100   4.4408921e-16
      28.5289       3.1223298   -0.0013397937
      28.5498       3.1200274     0.019262737
      28.5709       3.1173448     0.040085177
      28.5920       3.1146213      0.13107860
      28.6131       3.1121686     0.045371504
      28.6342       3.1103547     0.026005229
      28.6552       3.1096779    0.0098420223
      28.6762       3.1108501       0.0000000
      28.6972       3.1145224     0.027497624
      28.7182       3.1200476     0.028672428
      28.7390       3.1266416     0.018408469
      28.7599       3.1339128     0.039587246
      28.7808       3.1414840     0.050345927
      28.8017       3.1490660     0.042813983
      28.8225       3.1563384    0.0047514934
      28.8434       3.1630310     0.018878995
      28.8642       3.1686201       0.0000000
      28.8850       3.1727287     0.011371172
      28.9056       3.1756937     0.043706268
      28.9264       3.1779714      0.11595867
      28.9472       3.1797876      0.11298231
      28.9679       3.1813018     0.066148321
      28.9886       3.1826303     0.021099824
      29.0093       3.1838424     0.012427592
      29.0299       3.1849791     0.021840898
      29.0504       3.1860735    0.0018964448
      29.0711       3.1871662     0.021813883
      29.0917       3.1882638     0.033696262
      29.1123       3.1893962     0.042243876
      29.1328       3.1905884     0.032501516
      29.1534       3.1918964     0.041203581
      29.1737       3.1933566     0.017223560
      29.1942       3.1951014     0.023648573
      29.2147       3.1972683    0.0011817619
      29.2352       3.2000899       0.0000000
      29.2557       3.2037746    0.0056253818
      29.2761       3.2080672     0.019642775
      29.2964       3.2127008     0.020389127
      29.3167       3.2175090     0.023840903
      29.3371       3.2223624     0.060007707
      29.3575       3.2270870     0.039473084
      29.3778       3.2314856     0.043454367
      29.3982       3.2353684     0.022401663
      29.4183       3.2383398     0.014340222
      29.4386       3.2399862   0.00061388225
      29.4575       3.2396400   4.4408921e-16
      29.4815       3.2358463     0.012913695
      29.5054       3.2294669     0.054413076
      29.5293       3.2216266     0.052723291
      29.5532       3.2130730     0.075737014
      29.5771       3.2043616     0.026558485
      29.6009       3.1960422     0.020277882
      29.6247       3.1886799       0.0000000
      29.6485       3.1828038     0.015166137
      29.6722       3.1780352     0.043084894
      29.6959       3.1739152   -0.0064552484
      29.7196       3.1701827     0.069797294
      29.7433       3.1666775     0.025382476
      29.7669       3.1633122    0.0060877669
      29.7906       3.1599901       0.0000000
      29.8139       3.1567444     0.044265630
      29.8374       3.1535252      0.15348470
      29.8610       3.1504126     0.085047458
      29.8845       3.1475282     0.063041911
      29.9080       3.1450091     0.034350844
      29.9315       3.1430994     0.014160530
      29.9549       3.1422000       0.0000000
      29.9783       3.1426750     0.024015131
      30.0017       3.1441286     0.040271446
      30.0251       3.1461380     0.031371990
      30.0484       3.1484109     0.016309115
      30.0718       3.1507551     0.013234887
      30.0951       3.1529557     0.015664378
      30.1183       3.1547879     0.038812017
      30.1416       3.1559501       0.0000000
      30.1647       3.1561434    0.0054166544
      30.1877       3.1556436     0.016726394
      30.2109       3.1547203     0.052029579
      30.2340       3.1535596   -0.0053595241
      30.2572       3.1522689      0.10168123
      30.2803       3.1509457      0.23235432
      30.3034       3.1496612     0.037298821
      30.3264       3.1485057     0.046644217
      30.3495       3.1475856      0.27687431
      30.3725       3.1470835     0.046136441
      30.3955       3.1472700       0.0000000
      30.4185       3.1484045     0.014845422
      30.4411       3.1501938     0.050386082
      30.4640       3.1524213     0.089158755
      30.4869       3.1548969     0.066103070
      30.5098       3.1575117     0.083388360
      30.5326       3.1601786      0.18770125
      30.5555       3.1628613     0.049748668
      30.5783       3.1654783     0.035121647
      30.6011       3.1679699  -4.4408921e-16
      30.6238       3.1702588     0.021161257
      30.6465       3.1723775      0.19956239
      30.6690       3.1743232      0.15655669
      30.6917       3.1761069      0.14757298
      30.7144       3.1776444      0.19484548
      30.7370       3.1788066     0.023963404
      30.7596       3.1793900       0.0000000
      30.7823       3.1791930     0.029397038
      30.8049       3.1784362     0.019183675
      30.8274       3.1773588    0.0065711675
      30.8496       3.1761296     0.052710526
      30.8721       3.1748286      0.13461127
      30.8946       3.1735734      0.12686665
      30.9171       3.1724761     0.053293927
      30.9396       3.1716861     0.029234005
      30.9620       3.1714244     0.010645648
      30.9845       3.1720324     0.032977516
      31.0069       3.1740488     0.014781085
      31.0289       3.1782401       0.0000000
      31.0512       3.1855159     0.050304164
      31.0736       3.1950811     0.057639015
      31.0959       3.2059936     0.056916252
      31.1182       3.2177607      0.10665929
      31.1404       3.2299886     0.087531293
      31.1627       3.2425723     0.066797696
      31.1846       3.2550796      0.10211027
      31.2068       3.2677987     0.095521373
      31.2290       3.2804572     0.082912699
      31.2511       3.2928840     0.087106144
      31.2733       3.3050348     0.067055289
      31.2954       3.3165716    0.0095682910
      31.3175       3.3271934   -0.0010034006
      31.3392       3.3361919    -0.024241908
      31.3613       3.3430200       0.0000000
      31.3833       3.3466547  -4.8219077e-06
      31.4054       3.3479562    -0.021946231
      31.4274       3.3477946    -0.040364605
      31.4492       3.3467445    -0.020894476
      31.4710       3.3451505     0.016199595
      31.4929       3.3432247   -0.0091547000
      31.5148       3.3411258    -0.026085652
      31.5368       3.3389572   -0.0023872099
      31.5586       3.3368497     0.026410345
      31.5803       3.3348999       0.0000000
      31.6020       3.3331881    -0.026747990
      31.6238       3.3316510   -0.0039211054
      31.6456       3.3302306   -0.0031005335
      31.6568       3.3295320    -0.015822005
      31.6828       3.3279667    0.0048632116
      31.7088       3.3264595    0.0032004832
      31.7348       3.3249985     0.074081578
      31.7607       3.3235924    -0.049062487
      31.7866       3.3222541    0.0099359070
      31.8125       3.3210233    -0.031653269
      31.8384       3.3199734    -0.053883464
      31.8642       3.3192362   0.00013383578
      31.8900       3.3190315    0.0087885168
      31.9158       3.3197488     0.015791233
      31.9415       3.3220501       0.0000000
      31.9672       3.3265961     0.017023979
      31.9929       3.3327250     0.049054863
      32.0186       3.3397650     0.020264902
      32.0442       3.3472962     0.033053947
      32.0698       3.3551166     0.044233329
      32.0954       3.3630871     0.069923006
      32.1210       3.3711131     0.021066915
      32.1465       3.3790899     0.036820136
      32.1720       3.3869664     0.053183665
      32.1975       3.3946300       0.0000000
      32.2229       3.4019501     0.018760006
      32.2483       3.4090404     0.023029645
      32.2737       3.4159897     0.022680261
      32.2990       3.4228133   -0.0047331723
      32.3243       3.4295540     0.020126074
      32.3492       3.4360983     0.022551859
      32.3745       3.4426172    -0.010757235
      32.3998       3.4489294    0.0022205120
      32.4250       3.4548745     0.013125478
      32.4502       3.4602399       0.0000000
      32.4754       3.4648017     0.021528311
      32.5005       3.4688336     0.020826386
      32.5257       3.4726885     0.090291423
      32.5508       3.4765987     0.026001235
      32.5759       3.4808622     0.063167797
      32.6009       3.4858422     0.016627827
      32.6260       3.4921801       0.0000000
      32.6510       3.5003966     0.043133391
      32.6754       3.5097132     0.043026918
      32.7003       3.5199718     0.028568329
      32.7252       3.5306316     0.037518451
      32.7502       3.5414850     0.063555074
      32.7750       3.5522025     0.019337647
      32.7999       3.5626916     0.046748460
      32.8247       3.5725770    0.0057930815
      32.8495       3.5814477   -0.0084177403
      32.8743       3.5885601       0.0000000
      32.8991       3.5931980    -0.026458002
      32.9235       3.5960485   -0.0063485543
      32.9479       3.5979281     0.024941867
      32.9726       3.5993041      0.13700592
      32.9973       3.6004685      0.33975165
      33.0219       3.6016760      0.16510387
      33.0465       3.6032021     0.087687998
      33.0711       3.6054062     0.070233907
      33.0957       3.6088400       0.0000000
      33.1202       3.6140013      0.10123870
      33.1447       3.6203997     0.088060416
      33.1686       3.6273314     0.066058508
      33.1931       3.6348241     0.046455787
      33.2175       3.6424579     0.061562075
      33.2420       3.6501264     0.065783555
      33.2664       3.6575957     0.019884282
      33.2908       3.6646833     0.061446722
      33.3151       3.6710456     0.058544328
      33.3395       3.6762199       0.0000000
      33.3634       3.6796299    -0.010269992
      33.3874       3.6818587     0.037411341
      33.4117       3.6833839     0.042946146
      33.4359       3.6844661     0.033083945
      33.4601       3.6852882     0.014251733
      33.4843       3.6859552      0.11195481
      33.5085       3.6865295     0.072910437
      33.5321       3.6870362    0.0082338996
      33.5561       3.6875188     0.083681110
      33.5803       3.6879856      0.14731434
      33.6043       3.6884368      0.13221335
      33.6284       3.6888826      0.15305737
      33.6525       3.6893241      0.10202576
      33.6765       3.6897612      0.14499873
      33.7004       3.6901950      0.12338507
      33.7238       3.6906185      0.11228156
      33.7477       3.6910503    0.0074997002
      33.7717       3.6914831     0.019967012
      33.7956       3.6919130      0.12796700
      33.8195       3.6923414     0.011588451
      33.8434       3.6927675     0.043532452
      33.8665       3.6931758      0.44669437
      33.8903       3.6935903      0.24420966
      33.9142       3.6939962     0.089223873
      33.9379       3.6943818      0.38569823
      33.9617       3.6947409      0.29610909
      33.9855       3.6950532      0.12140674
      34.0086       3.6952823    0.0098876283
      34.0322       3.6953923    -0.030932343
      34.0559       3.6952944    -0.015624313
      34.0795       3.6948537     0.058446289
      34.1032       3.6938399     0.021270145
      34.1267       3.6919000       0.0000000
      34.1497       3.6887573     0.031072727
      34.1732       3.6846184     0.081011565
      34.1968       3.6798875     0.012202533
      34.1973       3.6797830     0.010456948
      34.2258       3.6736137    -0.029183762
      34.2542       3.6671911     0.074528894
      34.2826       3.6606189     0.042441028
      34.3110       3.6539652    0.0092547782
      34.3394       3.6472671   -0.0050169962
      34.3677       3.6405694    -0.016509518
      34.3960       3.6338584     0.022551571
      34.4243       3.6271415     0.050888556
      34.4525       3.6204474    -0.030267464
      34.4807       3.6137546      0.10773534
      34.5089       3.6070693      0.41461055
      34.5370       3.6004212      0.18461868
      34.5651       3.5937978      0.14689220
      34.5932       3.5872223      0.12288770
      34.6212       3.5807552      0.11030487
      34.6493       3.5744210     0.045009021
      34.6772       3.5684122    -0.029132266
      34.7052       3.5628926   -0.0067326547
      34.7331       3.5583156     0.015354281
      34.7610       3.5554099       0.0000000
      34.7889       3.5549400    0.0019199571
      34.8168       3.5561413     0.030018642
      34.8446       3.5582560     0.050373946
      34.8715       3.5607862     0.020073737
      34.8992       3.5636692     0.048260722
      34.9269       3.5667086    -0.090028532
      34.9546       3.5698353    -0.033015328
      34.9823       3.5730096    -0.029649650
      35.0099       3.5761992   -0.0012592254
      35.0375       3.5794034   -0.0071134859
      35.0651       3.5826163    -0.021886288
      35.0927       3.5858332     -0.15600312
      35.1202       3.5890411    -0.035021125
      35.1477       3.5922503     -0.11052032
      35.1752       3.5954603    -0.053100249
      35.2026       3.5986587    -0.013188765
      35.2300       3.6018578    -0.012857814
      35.2574       3.6050570    -0.023497079
      35.2848       3.6082562    -0.082206075
      35.3121       3.6114433    -0.045473325
      35.3384       3.6145140     -0.13489400
      35.3657       3.6177006    -0.071100509
      35.3929       3.6208751    -0.079525211
      35.4202       3.6240606     0.061809359
      35.4474       3.6272322    -0.022192111
      35.4745       3.6303890     0.015711089
      35.5017       3.6335519    -0.043761751
      35.5288       3.6366924     -0.16106231
      35.5559       3.6398143     -0.14361422
      35.5830       3.6429032    0.0024668260
      35.6100       3.6459222     -0.17085220
      35.6371       3.6488476     -0.11953765
      35.6631       3.6514805     0.030329398
      35.6899       3.6538796     0.029550367
      35.7169       3.6557269    -0.074266918
      35.7438       3.6565579    -0.035727884
      35.7707       3.6556001  -4.4408921e-16
      35.7975       3.6520843    -0.075544316
      35.8244       3.6467646     0.047075415
      35.8512       3.6404536     0.060486333
      35.8780       3.6335639     0.077566003
      35.9042       3.6264952      0.17241472
      35.9304       3.6192149      0.18509520
      35.9571       3.6116245     0.059645426
      35.9838       3.6038529    -0.054592949
      36.0104       3.5958620     0.071207932
      36.0370       3.5874737      0.11943620
      36.0637       3.5783701       0.0000000
      36.0903       3.5681141      0.11639586
